9_ad_only:  [[-3.183246  ]
 [-1.0902733 ]
 [-1.7677819 ]
 [-2.435556  ]
 [-0.29003936]
 [-4.877305  ]
 [ 1.7286237 ]
 [ 0.46872783]
 [ 0.7566318 ]
 [-1.3451642 ]
 [-5.2715964 ]
 [-1.2522776 ]
 [-0.9875041 ]
 [-1.780512  ]
 [-0.12316321]
 [-0.45853975]
 [-0.07295078]
 [-0.22083363]
 [-1.039217  ]
 [-0.690693  ]
 [-1.6687922 ]
 [-1.5709738 ]
 [ 0.04712154]
 [-3.108138  ]
 [ 1.2450541 ]
 [ 0.86401635]
 [-3.0265331 ]
 [-1.0974696 ]
 [-0.5216691 ]
 [-1.0926207 ]
 [-1.5975372 ]
 [-0.3606199 ]
 [-3.1639624 ]
 [-4.9708614 ]
 [-2.5999599 ]
 [-1.0925214 ]
 [-0.767202  ]
 [ 0.5846809 ]
 [ 0.0178124 ]
 [-3.5966475 ]
 [-0.9034553 ]
 [-4.3576875 ]
 [-1.8900397 ]
 [-4.9433155 ]
 [-1.2303863 ]
 [-0.71993876]
 [-1.6299413 ]
 [-1.2185556 ]
 [-2.16164   ]
 [-0.5168781 ]
 [-2.1871037 ]
 [-1.4297551 ]
 [-0.3943698 ]
 [ 0.8954218 ]
 [-3.673605  ]
 [-1.6764128 ]
 [-0.5468468 ]
 [ 2.7139587 ]
 [-0.9980041 ]
 [-2.970326  ]
 [-1.0987418 ]
 [-2.5606215 ]
 [-2.1484787 ]
 [-4.657935  ]
 [-4.3845935 ]
 [-1.6416686 ]
 [-1.2267884 ]
 [-1.8660264 ]
 [-0.9423356 ]
 [-0.54875225]
 [-0.4384858 ]
 [ 0.16943373]
 [-0.07895764]
 [-1.4549618 ]
 [-1.9764084 ]
 [-0.18620749]
 [-0.6695359 ]
 [-3.0621638 ]
 [-5.0523224 ]
 [-2.0640364 ]
 [-2.4299922 ]
 [-1.8568124 ]
 [-0.9815708 ]
 [ 1.0434036 ]
 [ 0.5575426 ]
 [-1.9027418 ]
 [-1.3558687 ]
 [-3.5299075 ]
 [-4.278906  ]
 [ 0.34962827]
 [ 1.8929441 ]
 [-1.4560866 ]
 [-3.6792595 ]
 [-2.747783  ]
 [-0.41876698]
 [-2.0209794 ]
 [-0.54012716]
 [-4.3192005 ]
 [-0.39175972]
 [-0.7171733 ]]
