jr=  [[-0.01995916 -3.1416783 ]
 [-0.06958615 -0.06491809]
 [-0.38537884 -0.49883908]
 [-2.1242795  -4.257008  ]
 [-1.2493707  -1.3336753 ]
 [-0.04281802 -0.32039526]
 [-0.54122776 -0.19263773]
 [-1.7332617  -2.7616518 ]
 [-1.157543   -1.3485172 ]
 [-0.66366684 -0.38449505]
 [-0.43233752 -1.0419583 ]
 [-1.0144652   0.8162674 ]
 [-3.2985153  -2.6550062 ]
 [-0.12320924 -2.7612896 ]
 [-3.178833   -0.9601026 ]
 [-2.0703146  -0.5004358 ]
 [-0.1178414  -0.56233543]
 [-0.06679554  0.18489651]
 [-1.9597731  -1.9757429 ]
 [-0.8969174  -2.0240142 ]
 [-1.6065658  -4.027178  ]
 [-2.111636   -3.16235   ]
 [-0.15053195 -3.4953709 ]
 [-3.4693289  -2.7486963 ]
 [-1.5316781  -2.0502908 ]
 [-2.3105023  -3.3692174 ]
 [-1.7130771  -2.4167907 ]
 [-1.1832582  -2.912091  ]
 [-0.59085065 -4.2996116 ]
 [-0.19813003 -6.311286  ]
 [-1.3330067  -1.3263125 ]
 [-1.1811827  -1.9745792 ]
 [-0.2887642  -2.2460055 ]
 [-0.8164765  -1.38087   ]
 [-2.0565445  -4.427806  ]
 [-1.0456378  -0.8010315 ]
 [-1.0046163  -4.739716  ]
 [-1.3449557  -3.5772862 ]
 [-3.8050234  -2.2480326 ]
 [-0.42157295 -3.8044918 ]
 [-1.5494447  -2.4454944 ]
 [-1.1757426  -2.465275  ]
 [-2.2090573  -2.2173724 ]
 [-0.2043645  -4.7885637 ]
 [ 0.35443693 -0.05372614]
 [-1.2939731  -1.0380591 ]
 [-0.6676302  -2.2540026 ]
 [-0.7156937  -1.9897231 ]
 [-2.1882794  -2.0907066 ]
 [-0.826825   -0.8489848 ]
 [-1.5523456  -2.619515  ]
 [-2.0468023  -0.75851494]
 [-0.41535872 -0.4039491 ]
 [-2.046475   -4.115814  ]
 [-0.8594187  -0.9791697 ]
 [-4.3254886  -5.074642  ]
 [-5.5153856  -3.1493073 ]
 [-1.1364799  -1.1240964 ]
 [-0.10409392 -0.41993326]
 [ 0.0166315  -0.33184248]
 [-0.04529423 -1.1651689 ]
 [-2.5899172  -2.7542784 ]
 [-0.78479004 -0.9987213 ]
 [-0.73115504 -1.2679479 ]
 [-1.9224669  -1.3512888 ]
 [-1.2662756  -3.8909848 ]
 [-2.0082035  -4.957349  ]
 [-1.2856842  -3.935844  ]
 [-2.0915031  -4.301035  ]
 [-0.14819443 -0.1436321 ]
 [-1.6171306  -2.3543742 ]
 [-3.3580072  -0.35835993]
 [-0.01380458 -0.09202476]
 [-0.58747166 -2.7958002 ]
 [-0.19649868 -0.17387392]
 [-2.3175673  -2.3602018 ]
 [-2.046435   -4.674199  ]
 [-0.6036312  -4.3457165 ]
 [-0.2162731  -3.0427928 ]
 [-1.2328147  -0.62074775]
 [-0.02551831 -3.982144  ]
 [-0.22385426 -1.0893065 ]
 [-0.33699074 -0.40573213]
 [-3.1279635  -3.6233277 ]
 [-2.5178702  -1.8351251 ]
 [-2.1502202  -3.5706866 ]
 [-2.0915117  -0.23542239]
 [-1.2933258  -1.3519742 ]
 [-3.1757095  -2.8681016 ]
 [-1.8453449  -2.6536963 ]
 [-0.16620581 -5.840155  ]
 [-0.23376183 -4.542123  ]
 [-0.08568487 -1.8307524 ]
 [-1.7970731  -3.2453141 ]
 [-1.7958724  -1.0113232 ]
 [-0.72398764 -1.195028  ]
 [-1.0439112  -0.705287  ]
 [-3.1833875  -1.3022239 ]
 [-4.917206   -3.4136407 ]
 [-1.8299809  -1.80999   ]]
jr_list=  [[-0.019959159195423126, -3.1416783332824707], [-0.06958615034818649, -0.06491809338331223], [-0.3853788375854492, -0.4988390803337097], [-2.124279499053955, -4.257008075714111], [-1.2493706941604614, -1.3336752653121948], [-0.04281802102923393, -0.32039526104927063], [-0.5412277579307556, -0.19263772666454315], [-1.7332617044448853, -2.7616517543792725], [-1.1575429439544678, -1.3485171794891357], [-0.663666844367981, -0.3844950497150421], [-0.43233752250671387, -1.0419583320617676], [-1.0144652128219604, 0.8162673711776733], [-3.2985153198242188, -2.655006170272827], [-0.12320923805236816, -2.761289596557617], [-3.1788330078125, -0.9601026177406311], [-2.070314645767212, -0.5004358291625977], [-0.11784140020608902, -0.5623354315757751], [-0.06679554283618927, 0.18489651381969452], [-1.959773063659668, -1.9757429361343384], [-0.8969174027442932, -2.0240142345428467], [-1.6065658330917358, -4.027177810668945], [-2.11163592338562, -3.1623499393463135], [-0.15053194761276245, -3.495370864868164], [-3.4693288803100586, -2.7486963272094727], [-1.5316780805587769, -2.050290822982788], [-2.310502290725708, -3.3692173957824707], [-1.7130770683288574, -2.416790723800659], [-1.1832581758499146, -2.912091016769409], [-0.5908506512641907, -4.299611568450928], [-0.1981300264596939, -6.311285972595215], [-1.333006739616394, -1.32631254196167], [-1.1811827421188354, -1.9745792150497437], [-0.28876420855522156, -2.2460055351257324], [-0.8164765238761902, -1.38086998462677], [-2.056544542312622, -4.4278059005737305], [-1.045637845993042, -0.8010314702987671], [-1.0046162605285645, -4.739716053009033], [-1.3449556827545166, -3.5772862434387207], [-3.805023431777954, -2.248032569885254], [-0.4215729534626007, -3.8044917583465576], [-1.5494446754455566, -2.4454944133758545], [-1.1757426261901855, -2.4652750492095947], [-2.209057331085205, -2.217372417449951], [-0.20436449348926544, -4.7885637283325195], [0.3544369339942932, -0.05372614413499832], [-1.2939730882644653, -1.038059115409851], [-0.6676301956176758, -2.254002571105957], [-0.7156937122344971, -1.9897230863571167], [-2.188279390335083, -2.0907065868377686], [-0.8268250226974487, -0.8489847779273987], [-1.552345633506775, -2.6195149421691895], [-2.046802282333374, -0.758514940738678], [-0.4153587222099304, -0.403949111700058], [-2.0464749336242676, -4.115814208984375], [-0.8594186902046204, -0.9791697263717651], [-4.325488567352295, -5.074642181396484], [-5.515385627746582, -3.1493072509765625], [-1.1364798545837402, -1.124096393585205], [-0.10409392416477203, -0.4199332594871521], [0.01663149707019329, -0.33184248208999634], [-0.045294225215911865, -1.1651688814163208], [-2.5899171829223633, -2.7542784214019775], [-0.7847900390625, -0.9987213015556335], [-0.7311550378799438, -1.2679479122161865], [-1.9224668741226196, -1.3512887954711914], [-1.2662756443023682, -3.8909847736358643], [-2.0082035064697266, -4.957348823547363], [-1.2856842279434204, -3.9358439445495605], [-2.091503143310547, -4.301034927368164], [-0.14819443225860596, -0.14363209903240204], [-1.6171306371688843, -2.3543741703033447], [-3.3580071926116943, -0.3583599328994751], [-0.013804581016302109, -0.09202475845813751], [-0.5874716639518738, -2.79580020904541], [-0.19649867713451385, -0.1738739162683487], [-2.3175673484802246, -2.360201835632324], [-2.0464351177215576, -4.674199104309082], [-0.6036311984062195, -4.34571647644043], [-0.21627309918403625, -3.042792797088623], [-1.2328146696090698, -0.6207477450370789], [-0.025518305599689484, -3.9821441173553467], [-0.22385425865650177, -1.0893064737319946], [-0.33699074387550354, -0.405732125043869], [-3.1279635429382324, -3.6233277320861816], [-2.5178701877593994, -1.8351250886917114], [-2.1502201557159424, -3.5706865787506104], [-2.0915117263793945, -0.23542238771915436], [-1.2933257818222046, -1.3519742488861084], [-3.1757094860076904, -2.8681015968322754], [-1.8453449010849, -2.653696298599243], [-0.16620580852031708, -5.840155124664307], [-0.23376183211803436, -4.542122840881348], [-0.0856848657131195, -1.8307523727416992], [-1.7970731258392334, -3.245314121246338], [-1.795872449874878, -1.0113232135772705], [-0.7239876389503479, -1.1950279474258423], [-1.0439112186431885, -0.705286979675293], [-3.183387517929077, -1.3022239208221436], [-4.917205810546875, -3.4136407375335693], [-1.8299808502197266, -1.8099900484085083]]
