13_whole:  [[-1.9036064 ]
 [-3.856205  ]
 [-3.2662556 ]
 [-5.227442  ]
 [-2.015903  ]
 [-5.425542  ]
 [-4.3658185 ]
 [-4.443301  ]
 [-4.2426643 ]
 [-0.16352613]
 [ 1.2003566 ]
 [-2.0639274 ]
 [-2.3732307 ]
 [ 2.2411392 ]
 [-1.8804181 ]
 [-0.6532864 ]
 [-4.530001  ]
 [ 0.71924627]
 [-5.610834  ]
 [-2.9465096 ]
 [-1.2608465 ]
 [ 0.06400966]
 [-2.667954  ]
 [-4.3963647 ]
 [-5.623528  ]
 [-3.2157645 ]
 [-4.7730927 ]
 [-1.0966969 ]
 [-2.2781222 ]
 [-0.9342158 ]
 [-3.1059382 ]
 [-6.759059  ]
 [-8.181501  ]
 [-1.6937388 ]
 [-3.4823895 ]
 [-4.1527967 ]
 [-2.2162578 ]
 [-1.9017105 ]
 [-1.152764  ]
 [ 0.42322695]
 [-2.4929354 ]
 [-4.891379  ]
 [-1.1515443 ]
 [-1.6950263 ]
 [ 0.43837604]
 [-1.0496898 ]
 [-4.439256  ]
 [-4.1136875 ]
 [-0.61483437]
 [-0.45183492]
 [ 0.724198  ]
 [-0.4936061 ]
 [-4.052579  ]
 [-0.70486337]
 [-4.166242  ]
 [-1.3565596 ]
 [-4.3077064 ]
 [-3.6072388 ]
 [-3.3154411 ]
 [-3.7390406 ]
 [-1.0373737 ]
 [-5.48158   ]
 [-4.100414  ]
 [-4.033149  ]
 [-4.900199  ]
 [-6.4520717 ]
 [ 0.89630485]
 [-2.646546  ]
 [-4.9851794 ]
 [ 0.2497575 ]
 [-4.145073  ]
 [-2.2819338 ]
 [-4.0837708 ]
 [-1.2886611 ]
 [-4.928657  ]
 [ 0.31452468]
 [-7.031456  ]
 [-3.631017  ]
 [-1.7765133 ]
 [-0.42775783]
 [ 0.92710465]
 [-2.5928533 ]
 [-6.0011683 ]
 [-2.9700148 ]
 [ 1.3717543 ]
 [-0.32095686]
 [-8.833577  ]
 [-1.8171004 ]
 [ 0.35649863]
 [-1.7814809 ]
 [-0.9113807 ]
 [-1.815098  ]
 [-3.5051625 ]
 [-0.90693545]
 [-7.6138043 ]
 [-0.07634047]
 [-6.3562303 ]
 [ 2.6021302 ]
 [-2.6650515 ]
 [ 0.61761117]]
