main= [[  1.3073391   -3.4556317 ]
 [ -4.451828    -6.79966   ]
 [ -0.4884679   -3.0973213 ]
 [ -4.6297646   -5.214378  ]
 [ -5.3167214   -3.0766103 ]
 [ -4.404112    -2.6534336 ]
 [ -7.6728587   -3.0149133 ]
 [ -0.81411546  -2.590716  ]
 [ -7.0322523   -3.8104837 ]
 [ -0.20240898  -3.4758236 ]
 [ -6.3549013   -1.361729  ]
 [ -1.8600823   -0.06438766]
 [ -2.6351364   -6.397661  ]
 [ -4.1856446   -0.04573256]
 [ -2.8753517   -3.6482916 ]
 [ -1.6049349   -2.2214375 ]
 [ -6.406171    -7.429582  ]
 [ -0.27193576  -2.934791  ]
 [ -3.672273    -3.0371964 ]
 [ -3.7844732   -5.421136  ]
 [ -2.5208268   -5.102093  ]
 [ -3.928203    -4.832889  ]
 [ -1.9214082   -3.2129948 ]
 [ -2.7463138   -7.51504   ]
 [ -1.2185565   -3.0841951 ]
 [ -3.1888983   -1.5515245 ]
 [ -0.7050489   -6.009079  ]
 [ -4.527993    -6.0668306 ]
 [ -2.8163283   -1.2857125 ]
 [ -1.3189574  -10.523514  ]
 [ -7.374012    -5.083506  ]
 [  1.0724212   -2.9060552 ]
 [ -2.098289    -6.0067177 ]
 [ -2.2855027   -5.271772  ]
 [ -5.087368    -4.118467  ]
 [ -3.37028     -3.318266  ]
 [ -6.4661674  -11.238262  ]
 [ -3.836635    -4.0003138 ]
 [ -0.07059063  -3.5535436 ]
 [ -4.7026973   -1.9619651 ]
 [ -0.5970286    0.48802513]
 [ -2.3421388   -2.79412   ]
 [  0.64670223  -1.7286973 ]
 [ -3.726592    -5.7895174 ]
 [ -2.862466    -2.6603816 ]
 [ -2.4100032   -3.302109  ]
 [ -3.3917143   -1.7029629 ]
 [ -1.8047565   -1.968968  ]
 [ -1.0073569   -5.8990774 ]
 [ -3.2963896   -4.3182297 ]
 [ -1.5657544   -3.2905555 ]
 [ -9.356814    -6.4208045 ]
 [ -3.5363138   -7.660309  ]
 [ -3.1995933   -4.2588563 ]
 [ -1.7469151   -0.4274487 ]
 [  0.47407058  -2.1815364 ]
 [ -2.5291686   -5.617341  ]
 [ -2.7057736   -4.781331  ]
 [ -0.03542822  -2.5127826 ]
 [ -1.7546911   -3.3285832 ]
 [ -2.0849392   -1.094702  ]
 [  0.69547117  -4.5464644 ]
 [  1.9099147   -2.6535192 ]
 [ -4.9153166   -3.7070925 ]
 [ -1.8819877   -0.893231  ]
 [  0.20499428  -3.9923646 ]
 [ -4.6926527   -6.242312  ]
 [  1.1416632   -1.0855787 ]
 [  1.216157    -6.1465683 ]
 [  0.2973108   -1.1594177 ]
 [ -1.8966746   -4.231234  ]
 [ -1.8821791   -2.7349105 ]
 [ -5.9827857   -7.8328924 ]
 [ -3.6018248   -4.350441  ]
 [ -0.504103    -2.8129752 ]
 [ -1.2719829   -3.3563175 ]
 [ -4.453417    -1.762482  ]
 [ -1.3278509   -6.528868  ]
 [  3.3536391    0.46140444]
 [ -2.472958    -6.103755  ]
 [ -4.2146945   -6.69168   ]
 [ -0.94543743  -5.9837217 ]
 [ -4.860962    -6.7891154 ]
 [ -2.1251898   -1.0826921 ]
 [ -2.1913352   -0.91734296]
 [ -4.422483    -6.3028135 ]
 [ -7.139586    -4.8887806 ]
 [ -4.57799     -6.2503695 ]
 [ -0.7936344   -0.5159706 ]
 [ -5.203285    -1.4574026 ]
 [ -3.3910196   -1.7165011 ]
 [  0.23603557  -2.2116706 ]
 [ -1.419974    -0.28420267]
 [ -1.4294808   -6.184308  ]
 [ -2.4262447   -1.0216599 ]
 [ -1.8192202   -2.4315705 ]
 [ -2.3786602   -6.7026606 ]
 [ -4.1278505   -4.31889   ]
 [ -2.8239567    1.2519227 ]
 [  1.2315992   -2.3046598 ]]
main_list= [[1.307339072227478, -3.455631732940674], [-4.4518280029296875, -6.7996602058410645], [-0.48846790194511414, -3.0973212718963623], [-4.629764556884766, -5.2143778800964355], [-5.316721439361572, -3.0766103267669678], [-4.404111862182617, -2.6534335613250732], [-7.672858715057373, -3.014913320541382], [-0.8141154646873474, -2.5907158851623535], [-7.032252311706543, -3.810483694076538], [-0.20240898430347443, -3.4758236408233643], [-6.354901313781738, -1.3617290258407593], [-1.8600822687149048, -0.06438766419887543], [-2.635136365890503, -6.397661209106445], [-4.185644626617432, -0.045732561498880386], [-2.875351667404175, -3.64829158782959], [-1.6049349308013916, -2.221437454223633], [-6.406170845031738, -7.429582118988037], [-0.27193576097488403, -2.934791088104248], [-3.6722729206085205, -3.037196397781372], [-3.784473180770874, -5.421135902404785], [-2.520826816558838, -5.10209321975708], [-3.9282031059265137, -4.832889080047607], [-1.9214081764221191, -3.2129948139190674], [-2.7463138103485107, -7.515039920806885], [-1.218556523323059, -3.084195137023926], [-3.1888983249664307, -1.5515245199203491], [-0.7050489187240601, -6.0090789794921875], [-4.527993202209473, -6.066830635070801], [-2.816328287124634, -1.285712480545044], [-1.3189574480056763, -10.523513793945312], [-7.374011993408203, -5.083506107330322], [1.0724211931228638, -2.906055212020874], [-2.0982890129089355, -6.006717681884766], [-2.2855026721954346, -5.2717719078063965], [-5.087368011474609, -4.118466854095459], [-3.3702800273895264, -3.318265914916992], [-6.466167449951172, -11.238262176513672], [-3.836635112762451, -4.000313758850098], [-0.07059063017368317, -3.5535435676574707], [-4.702697277069092, -1.9619650840759277], [-0.5970286130905151, 0.48802512884140015], [-2.3421387672424316, -2.7941200733184814], [0.646702229976654, -1.7286972999572754], [-3.7265920639038086, -5.789517402648926], [-2.8624660968780518, -2.660381555557251], [-2.410003185272217, -3.3021090030670166], [-3.391714334487915, -1.702962875366211], [-1.80475652217865, -1.9689680337905884], [-1.007356882095337, -5.899077415466309], [-3.296389579772949, -4.318229675292969], [-1.5657544136047363, -3.290555477142334], [-9.35681438446045, -6.420804500579834], [-3.536313772201538, -7.660308837890625], [-3.1995933055877686, -4.258856296539307], [-1.7469151020050049, -0.42744868993759155], [0.47407057881355286, -2.1815364360809326], [-2.5291686058044434, -5.617341041564941], [-2.7057735919952393, -4.7813310623168945], [-0.03542821854352951, -2.512782573699951], [-1.7546911239624023, -3.328583240509033], [-2.0849392414093018, -1.0947020053863525], [0.6954711675643921, -4.546464443206787], [1.9099147319793701, -2.6535191535949707], [-4.915316581726074, -3.707092523574829], [-1.8819876909255981, -0.8932309746742249], [0.20499427616596222, -3.9923646450042725], [-4.692652702331543, -6.242311954498291], [1.1416631937026978, -1.0855786800384521], [1.2161569595336914, -6.146568298339844], [0.29731079936027527, -1.159417748451233], [-1.896674633026123, -4.231234073638916], [-1.8821791410446167, -2.734910488128662], [-5.982785701751709, -7.832892417907715], [-3.6018247604370117, -4.350440979003906], [-0.5041030049324036, -2.8129751682281494], [-1.2719829082489014, -3.3563175201416016], [-4.45341682434082, -1.7624820470809937], [-1.3278509378433228, -6.528868198394775], [3.3536391258239746, 0.4614044427871704], [-2.4729580879211426, -6.103754997253418], [-4.214694499969482, -6.691679954528809], [-0.9454374313354492, -5.983721733093262], [-4.8609619140625, -6.7891154289245605], [-2.125189781188965, -1.0826921463012695], [-2.1913352012634277, -0.9173429608345032], [-4.422482967376709, -6.302813529968262], [-7.139585971832275, -4.88878059387207], [-4.5779900550842285, -6.250369548797607], [-0.7936344146728516, -0.5159705877304077], [-5.203285217285156, -1.4574025869369507], [-3.391019582748413, -1.7165011167526245], [0.2360355705022812, -2.2116706371307373], [-1.4199739694595337, -0.2842026650905609], [-1.429480791091919, -6.184308052062988], [-2.4262447357177734, -1.0216598510742188], [-1.8192201852798462, -2.431570529937744], [-2.378660202026367, -6.70266056060791], [-4.127850532531738, -4.31889009475708], [-2.8239567279815674, 1.2519227266311646], [1.23159921169281, -2.304659843444824]]
