jr=  [[-1.9933423  -2.0382466 ]
 [-3.4838822  -5.327292  ]
 [-1.3210568  -1.4130569 ]
 [ 0.54511     0.4246699 ]
 [-2.1643953  -3.8786995 ]
 [-3.9460142  -4.6592817 ]
 [-2.6704836  -3.6182816 ]
 [-1.1512554  -4.283172  ]
 [-0.09589139 -3.575614  ]
 [-1.5049089  -4.3584595 ]
 [-1.5591301  -3.3922763 ]
 [-1.6322376  -4.263199  ]
 [-2.6494222  -1.2142098 ]
 [-6.8350897  -6.3349633 ]
 [-4.023641   -5.5024757 ]
 [-3.7162752  -3.438849  ]
 [-1.5127332  -0.5117625 ]
 [-0.90146387 -2.9078233 ]
 [-2.5750153  -4.5972376 ]
 [-1.2488599  -5.408719  ]
 [-5.2454042  -5.3134546 ]
 [-2.2720165  -6.248067  ]
 [-2.469376   -4.491865  ]
 [-1.9175469  -2.9918141 ]
 [-2.2748485   0.618091  ]
 [-1.9231653  -2.8001041 ]
 [-2.0543063  -2.7247593 ]
 [-1.6310732  -0.97868544]
 [-3.2641914  -4.3045974 ]
 [-2.9106045  -2.603895  ]
 [-0.35892603 -0.7377504 ]
 [-2.169245   -2.1686685 ]
 [-0.8932549  -0.8929995 ]
 [-1.0132462  -2.5059493 ]
 [-1.4673738  -1.0235121 ]
 [-1.0429688  -1.760588  ]
 [-1.3564898  -2.0835667 ]
 [-1.2957265  -1.6564014 ]
 [-1.5597037  -1.4005942 ]
 [-0.04118017 -4.710028  ]
 [-2.6115134  -1.3016696 ]
 [-2.613497   -3.0036576 ]
 [-2.6456935  -3.1466289 ]
 [-0.7741761  -2.4598415 ]
 [-5.763582   -7.1477175 ]
 [-3.6850893  -4.9740524 ]
 [-3.9093888  -2.5442002 ]
 [-5.4541554  -3.9659173 ]
 [-1.7491424  -0.42118883]
 [-3.0659897  -4.869427  ]
 [-0.32635787 -6.9428325 ]
 [-2.643415   -1.6283262 ]
 [-4.5109067  -1.2635536 ]
 [-1.2493987  -2.103559  ]
 [-1.8124026  -0.26783276]
 [-1.1588956  -3.4637122 ]
 [-2.0277624  -2.2151082 ]
 [-4.5307283  -2.4451272 ]
 [-0.8659544  -1.2700746 ]
 [-1.0452889  -0.88196653]
 [-2.7779655  -1.1889052 ]
 [-2.4157135  -1.3382982 ]
 [-1.2960359  -3.3430448 ]
 [-2.0788586  -1.8132242 ]
 [-6.129453   -6.680389  ]
 [-0.68552715  0.08724475]
 [-2.1094825  -2.436725  ]
 [-3.873233   -0.47694924]
 [-1.599734   -1.7408085 ]
 [-1.5114667  -5.9918857 ]
 [-0.15328184 -2.9279208 ]
 [-3.6561084  -8.160498  ]
 [-4.217579   -4.197602  ]
 [-1.5170504  -3.0185552 ]
 [-0.62361354 -0.48541266]
 [-2.0289176  -5.542053  ]
 [-2.0737193  -0.91169846]
 [-3.4557238  -4.5424113 ]
 [-1.5860963  -3.3224044 ]
 [-1.1957891  -0.28941104]
 [-2.094717   -0.8514653 ]
 [-2.927676   -2.7412841 ]
 [-1.7245712  -2.459579  ]
 [-3.2021065  -3.9358475 ]
 [-1.9396306  -1.93941   ]
 [-3.2345965  -2.4251359 ]
 [-2.350372   -3.595323  ]
 [-0.29782924 -1.8234528 ]
 [-0.11251549  0.03639716]
 [-1.640452   -3.4418755 ]
 [-1.2959491  -1.7675656 ]
 [-1.4859657  -1.5858597 ]
 [-4.067558   -3.1402748 ]
 [ 0.04504104 -0.96429235]
 [-1.8544846  -1.7188636 ]
 [-2.8408298  -2.2012079 ]
 [-2.8262928  -2.4077382 ]
 [-1.715362   -2.8188655 ]
 [-5.1949534  -3.7882645 ]
 [-1.7057378  -3.0628977 ]]
jr_list=  [[-1.9933422803878784, -2.0382466316223145], [-3.483882188796997, -5.327291965484619], [-1.321056842803955, -1.4130568504333496], [0.5451099872589111, 0.42466989159584045], [-2.164395332336426, -3.878699541091919], [-3.946014165878296, -4.6592817306518555], [-2.6704835891723633, -3.618281602859497], [-1.1512553691864014, -4.283172130584717], [-0.09589139372110367, -3.5756139755249023], [-1.5049089193344116, -4.35845947265625], [-1.559130072593689, -3.3922762870788574], [-1.6322375535964966, -4.2631988525390625], [-2.6494221687316895, -1.214209794998169], [-6.835089683532715, -6.334963321685791], [-4.023641109466553, -5.502475738525391], [-3.716275215148926, -3.4388489723205566], [-1.5127332210540771, -0.5117624998092651], [-0.9014638662338257, -2.907823324203491], [-2.5750153064727783, -4.597237586975098], [-1.2488598823547363, -5.408719062805176], [-5.245404243469238, -5.313454627990723], [-2.2720165252685547, -6.2480669021606445], [-2.4693760871887207, -4.491865158081055], [-1.9175468683242798, -2.991814136505127], [-2.274848461151123, 0.6180909872055054], [-1.9231653213500977, -2.8001041412353516], [-2.0543062686920166, -2.724759340286255], [-1.631073236465454, -0.9786854386329651], [-3.2641913890838623, -4.3045973777771], [-2.910604476928711, -2.6038949489593506], [-0.35892602801322937, -0.7377504110336304], [-2.1692450046539307, -2.168668508529663], [-0.8932548761367798, -0.8929994702339172], [-1.0132461786270142, -2.5059492588043213], [-1.4673738479614258, -1.0235121250152588], [-1.04296875, -1.7605880498886108], [-1.3564897775650024, -2.083566665649414], [-1.2957265377044678, -1.6564013957977295], [-1.5597037076950073, -1.4005942344665527], [-0.04118017107248306, -4.710028171539307], [-2.611513376235962, -1.3016695976257324], [-2.613497018814087, -3.003657579421997], [-2.64569354057312, -3.1466288566589355], [-0.7741761207580566, -2.45984148979187], [-5.763582229614258, -7.147717475891113], [-3.685089349746704, -4.974052429199219], [-3.909388780593872, -2.5442001819610596], [-5.454155445098877, -3.9659173488616943], [-1.7491424083709717, -0.4211888313293457], [-3.0659897327423096, -4.86942720413208], [-0.3263578712940216, -6.9428324699401855], [-2.6434149742126465, -1.628326177597046], [-4.51090669631958, -1.2635536193847656], [-1.2493987083435059, -2.1035590171813965], [-1.812402606010437, -0.26783275604248047], [-1.1588956117630005, -3.463712215423584], [-2.0277624130249023, -2.2151081562042236], [-4.530728340148926, -2.445127248764038], [-0.8659543991088867, -1.2700746059417725], [-1.0452889204025269, -0.8819665312767029], [-2.777965545654297, -1.1889052391052246], [-2.4157135486602783, -1.3382982015609741], [-1.296035885810852, -3.3430447578430176], [-2.0788586139678955, -1.813224196434021], [-6.129453182220459, -6.680388927459717], [-0.6855271458625793, 0.08724474906921387], [-2.109482526779175, -2.436724901199341], [-3.8732330799102783, -0.4769492447376251], [-1.5997339487075806, -1.7408084869384766], [-1.5114667415618896, -5.991885662078857], [-0.15328183770179749, -2.9279208183288574], [-3.6561083793640137, -8.160497665405273], [-4.217578887939453, -4.197601795196533], [-1.5170503854751587, -3.018555164337158], [-0.6236135363578796, -0.4854126572608948], [-2.0289175510406494, -5.54205322265625], [-2.0737192630767822, -0.9116984605789185], [-3.455723762512207, -4.5424113273620605], [-1.5860962867736816, -3.322404384613037], [-1.195789098739624, -0.2894110381603241], [-2.094717025756836, -0.8514652848243713], [-2.92767596244812, -2.741284132003784], [-1.7245712280273438, -2.4595789909362793], [-3.202106475830078, -3.935847520828247], [-1.9396306276321411, -1.9394099712371826], [-3.2345964908599854, -2.425135850906372], [-2.350372076034546, -3.595323085784912], [-0.2978292405605316, -1.8234528303146362], [-0.11251549422740936, 0.03639715909957886], [-1.6404520273208618, -3.441875457763672], [-1.295949101448059, -1.7675656080245972], [-1.4859657287597656, -1.5858596563339233], [-4.0675578117370605, -3.1402747631073], [0.0450410358607769, -0.9642923474311829], [-1.8544845581054688, -1.718863606452942], [-2.840829849243164, -2.2012078762054443], [-2.8262927532196045, -2.407738208770752], [-1.7153619527816772, -2.8188655376434326], [-5.194953441619873, -3.788264513015747], [-1.705737829208374, -3.0628976821899414]]
