5_ad_only:  [[-1.9021345 ]
 [-3.173421  ]
 [-6.7482476 ]
 [-0.12369895]
 [-0.45708546]
 [-3.725393  ]
 [ 1.5731839 ]
 [-1.5571496 ]
 [-0.708563  ]
 [-0.12772883]
 [-2.756554  ]
 [-1.1524941 ]
 [ 0.25742146]
 [-1.8885543 ]
 [-1.3168622 ]
 [-2.7354186 ]
 [-2.37238   ]
 [-2.4176946 ]
 [ 1.7194309 ]
 [ 0.2918277 ]
 [ 0.66431093]
 [ 1.0666486 ]
 [-1.6189151 ]
 [-1.0467775 ]
 [-1.8329357 ]
 [-0.05422183]
 [-2.083256  ]
 [-1.5932606 ]
 [-1.2829306 ]
 [-2.5562565 ]
 [-3.292758  ]
 [-1.4752963 ]
 [-1.0148673 ]
 [-0.47361684]
 [-1.0918822 ]
 [ 0.25212476]
 [-7.3400545 ]
 [-1.310754  ]
 [-4.0708604 ]
 [-2.186042  ]
 [-1.7922729 ]
 [-3.8231556 ]
 [ 1.7612073 ]
 [ 0.43214715]
 [-2.3665287 ]
 [ 0.3934537 ]
 [-2.2834473 ]
 [-0.9725746 ]
 [-0.08514278]
 [-1.3910125 ]
 [-3.0328817 ]
 [-0.02586456]
 [-3.4894104 ]
 [ 2.0618892 ]
 [-3.538855  ]
 [-2.4684727 ]
 [-3.157712  ]
 [-1.5150412 ]
 [-1.0380169 ]
 [-1.2055016 ]
 [ 0.02574223]
 [ 0.43627357]
 [ 1.7385707 ]
 [-0.5171519 ]
 [-1.8142291 ]
 [-0.39224726]
 [ 1.5145484 ]
 [-1.7193233 ]
 [ 0.0531235 ]
 [-2.2754436 ]
 [-2.501755  ]
 [-0.2207276 ]
 [-2.9393165 ]
 [-1.1703452 ]
 [-1.2950923 ]
 [-3.369303  ]
 [-2.240104  ]
 [ 0.42530409]
 [ 0.956659  ]
 [ 0.06314766]
 [-0.65244746]
 [-1.9530401 ]
 [-2.119668  ]
 [-2.5311322 ]
 [-3.0958064 ]
 [-2.554345  ]
 [-2.5553622 ]
 [-2.5056765 ]
 [-2.1877034 ]
 [-0.9196644 ]
 [-2.9475    ]
 [-6.113001  ]
 [-1.8679869 ]
 [-1.4240216 ]
 [-0.94401276]
 [-3.8272507 ]
 [-3.9718044 ]
 [-2.1354527 ]
 [-2.5885403 ]
 [-2.2268355 ]]
