10_ad_only:  [[-1.5474288 ]
 [-2.2563655 ]
 [-3.429945  ]
 [-2.0920093 ]
 [ 0.51494753]
 [-1.4230618 ]
 [-1.2388407 ]
 [-1.3918202 ]
 [-0.99106336]
 [-2.3031342 ]
 [ 1.1925585 ]
 [-0.15917054]
 [-0.18997735]
 [-0.35962915]
 [-1.6753075 ]
 [-2.676046  ]
 [-0.1435569 ]
 [-1.8726265 ]
 [-2.7563148 ]
 [-3.2386758 ]
 [-2.1007063 ]
 [-0.63115126]
 [-1.9114302 ]
 [-0.27067617]
 [ 0.4792434 ]
 [-0.07436908]
 [ 0.779337  ]
 [-0.68149596]
 [-2.264811  ]
 [-2.1472633 ]
 [-2.4603572 ]
 [ 0.53538144]
 [-3.896694  ]
 [ 0.12220097]
 [ 0.18725707]
 [-1.2995638 ]
 [-0.14137267]
 [-2.6674716 ]
 [-1.8449634 ]
 [ 0.4285261 ]
 [-1.2048876 ]
 [-1.2139394 ]
 [-0.08229684]
 [ 0.03395736]
 [-2.5953462 ]
 [-1.3410391 ]
 [-4.258478  ]
 [-0.66956544]
 [-1.4347227 ]
 [-4.5248146 ]
 [-3.407435  ]
 [-2.7087226 ]
 [-0.22123721]
 [-3.322312  ]
 [-0.43320823]
 [ 0.39861733]
 [ 0.01203712]
 [-1.6764882 ]
 [-3.7207417 ]
 [-0.69469047]
 [-5.667946  ]
 [-0.1814644 ]
 [-2.2495968 ]
 [-1.9528275 ]
 [-0.17218362]
 [-3.0015104 ]
 [-2.5355227 ]
 [-3.938351  ]
 [-1.570136  ]
 [ 0.2863142 ]
 [-1.3521358 ]
 [-0.12216028]
 [-1.637263  ]
 [-2.1223366 ]
 [ 0.21838532]
 [-1.091679  ]
 [-1.6338909 ]
 [-0.6506033 ]
 [ 0.43270308]
 [-5.0216746 ]
 [-1.1147275 ]
 [-1.8321482 ]
 [ 0.0718589 ]
 [ 0.8484154 ]
 [ 1.6351781 ]
 [-0.35598704]
 [-0.5997027 ]
 [-2.0076578 ]
 [ 0.22220306]
 [ 0.70895135]
 [-2.4262989 ]
 [-4.08324   ]
 [ 0.05814546]
 [-0.39182064]
 [-1.4689345 ]
 [-1.8701057 ]
 [ 0.17136052]
 [-3.1715467 ]
 [-1.9107997 ]
 [-1.4195664 ]]
