10_ad_hyp_dep:  [[-1.872268  ]
 [-0.21193597]
 [-1.9389552 ]
 [-0.01063031]
 [-2.3187518 ]
 [-1.0691805 ]
 [-2.343578  ]
 [-1.4560581 ]
 [-3.885419  ]
 [-0.8201099 ]
 [-0.48208255]
 [-0.6681847 ]
 [-1.5897158 ]
 [-3.1175206 ]
 [-4.9778285 ]
 [-2.5074248 ]
 [-0.2486439 ]
 [-2.069895  ]
 [-2.4160912 ]
 [-0.90084726]
 [-3.993072  ]
 [-0.1313971 ]
 [-0.31316954]
 [-0.556856  ]
 [-0.8597995 ]
 [-0.08120122]
 [-1.0327305 ]
 [-1.2722105 ]
 [-2.5453715 ]
 [-5.9862037 ]
 [ 1.6371686 ]
 [-0.711055  ]
 [-1.2712286 ]
 [-2.758306  ]
 [-0.7357567 ]
 [-2.808964  ]
 [-1.0838788 ]
 [-1.0555173 ]
 [-3.3814304 ]
 [-3.0209951 ]
 [-0.9806154 ]
 [-1.2348015 ]
 [-1.4964412 ]
 [-0.9543459 ]
 [ 0.854402  ]
 [-2.4575891 ]
 [-0.93284774]
 [-0.85423785]
 [-0.6072531 ]
 [-0.9892976 ]
 [ 0.78627956]
 [ 1.057077  ]
 [-1.2346202 ]
 [ 0.49796623]
 [ 1.0879029 ]
 [-2.4288774 ]
 [-0.32618973]
 [-0.7683091 ]
 [ 0.11793573]
 [-0.3658583 ]
 [-2.8630836 ]
 [-0.70594895]
 [ 1.3110243 ]
 [-0.94438845]
 [-7.064766  ]
 [-0.10797238]
 [-5.4962997 ]
 [-0.66954577]
 [-1.1417844 ]
 [-0.8673642 ]
 [-1.6298999 ]
 [-2.117191  ]
 [-4.019281  ]
 [-0.13565542]
 [ 0.05298144]
 [-3.065469  ]
 [-0.8460325 ]
 [-4.0552845 ]
 [-3.8962483 ]
 [-0.7921798 ]
 [-0.54882914]
 [-1.0233228 ]
 [-0.99499303]
 [-1.9265838 ]
 [-0.14143714]
 [-1.2796067 ]
 [-1.6745441 ]
 [-3.4424882 ]
 [-2.6569157 ]
 [-3.1721597 ]
 [-2.6699612 ]
 [-3.125158  ]
 [-0.42157623]
 [-0.05179381]
 [-2.932916  ]
 [-1.8990138 ]
 [ 0.68355733]
 [-0.77457374]
 [-0.2200815 ]
 [-0.59135306]]
