9_ad_hyp_dep:  [[-2.8030808 ]
 [-0.32403415]
 [-3.5407362 ]
 [-2.0311408 ]
 [-2.9484968 ]
 [-1.3239677 ]
 [ 0.83732754]
 [-1.6427007 ]
 [-1.1831995 ]
 [-1.2254401 ]
 [-0.12551187]
 [-0.25953174]
 [-2.672366  ]
 [-1.0801748 ]
 [-3.591899  ]
 [-1.3304619 ]
 [-3.4550118 ]
 [ 0.26024273]
 [-0.29663882]
 [-0.6383587 ]
 [-5.6764026 ]
 [-0.48782143]
 [-0.15782318]
 [-0.6638477 ]
 [-1.9863471 ]
 [ 0.33327878]
 [-4.4728913 ]
 [-1.2085694 ]
 [-0.64488107]
 [-0.32703477]
 [ 0.97276586]
 [-1.0358835 ]
 [-0.5233945 ]
 [-0.5525731 ]
 [-1.0755352 ]
 [-3.2562106 ]
 [-2.590437  ]
 [-2.8583472 ]
 [-0.7186149 ]
 [-3.1497307 ]
 [ 1.446771  ]
 [ 0.00712115]
 [ 0.09338559]
 [-1.6574928 ]
 [-0.6042174 ]
 [-1.4670134 ]
 [-3.0018685 ]
 [-4.705313  ]
 [-1.0256296 ]
 [-4.1783915 ]
 [-0.55723965]
 [-4.2918644 ]
 [-2.2590702 ]
 [ 0.4881842 ]
 [-1.8703648 ]
 [ 0.55379665]
 [-0.9544528 ]
 [ 0.8066243 ]
 [ 0.45907044]
 [ 0.57001877]
 [-3.5569968 ]
 [-1.149506  ]
 [ 0.44467625]
 [-0.01312006]
 [-1.7218741 ]
 [-0.26308954]
 [-3.8217819 ]
 [-2.041779  ]
 [-0.03077472]
 [-1.6737056 ]
 [-1.1677029 ]
 [-0.70367295]
 [-0.3642456 ]
 [ 0.7656925 ]
 [-2.666161  ]
 [ 0.7460978 ]
 [-0.05395771]
 [-2.308161  ]
 [-2.5434844 ]
 [-1.0561944 ]
 [-0.9422026 ]
 [-0.48251897]
 [-2.6998184 ]
 [-3.3762722 ]
 [-1.059101  ]
 [-2.1179144 ]
 [-0.3632162 ]
 [-1.1068697 ]
 [ 0.34898666]
 [-4.2731853 ]
 [-2.436197  ]
 [ 1.4102294 ]
 [-3.148247  ]
 [-2.8576622 ]
 [-0.08721515]
 [ 0.5358022 ]
 [-0.19308661]
 [-1.8743875 ]
 [-0.50725454]
 [-0.6114305 ]]
