main=  [[ 2.315654    0.13947031]
 [-1.3901955   1.5334026 ]
 [-0.4886535   0.3024592 ]
 [ 0.681152    1.9996253 ]
 [ 0.66076493  1.266197  ]
 [-1.7764229  -2.8543856 ]
 [-1.547922   -3.2521226 ]
 [-0.84360546 -1.2997782 ]
 [-0.94357127  1.1637069 ]
 [-2.494314   -0.08790042]
 [-4.399984   -2.050737  ]
 [-1.6513656  -0.24031809]
 [-0.14558691 -6.2748737 ]
 [ 1.2910789   0.60702163]
 [ 0.72653913  1.4999143 ]
 [-1.1086863  -2.1684017 ]
 [-0.9113624  -1.9962397 ]
 [ 0.91465586  0.5132723 ]
 [ 1.7062674   2.3306878 ]
 [-1.5356727   0.05770243]
 [ 1.2945998  -1.4790472 ]
 [-3.5206943  -1.7163713 ]
 [-0.03737803 -1.2352282 ]
 [-1.908962   -1.9090954 ]
 [-1.805367   -1.3383747 ]
 [-0.58013386 -0.48531178]
 [ 1.2476532  -0.64806145]
 [ 1.3162391   0.50574815]
 [-3.6922624  -2.9539201 ]
 [-4.289281    1.1337961 ]
 [ 0.51322305 -0.42128694]
 [-1.6629349  -2.785061  ]
 [-0.61117107 -1.3392336 ]
 [-0.7509674  -2.8683205 ]
 [-1.8280824   0.91716254]
 [-3.5559483  -1.9681582 ]
 [-0.84494495 -3.54687   ]
 [ 0.5483804   0.69368565]
 [-2.1405163  -0.9539258 ]
 [-1.4224969  -1.494223  ]
 [ 0.3361533  -0.20694092]
 [-2.4299817  -1.9415495 ]
 [-0.40033865  0.98397976]
 [-1.9968079  -1.9585112 ]
 [-2.1616518   0.45484594]
 [-0.32498786  0.1582784 ]
 [-1.0504482  -2.492198  ]
 [-0.08733935  1.0338708 ]
 [-2.8304634   1.7218753 ]
 [-1.2407179  -3.3490252 ]
 [-0.15484057 -2.1339877 ]
 [-1.2359482  -0.04153512]
 [-0.53194386 -1.6920525 ]
 [-0.18849635 -0.25824928]
 [-2.8485177  -1.2600317 ]
 [-4.675472   -3.1628098 ]
 [-4.271268   -1.1009612 ]
 [-0.3974094  -0.08480442]
 [-0.7301773  -2.4007068 ]
 [-1.5845416  -0.76251495]
 [ 0.5361686  -0.7310815 ]
 [-2.4591491  -0.6915383 ]
 [-2.2941723  -0.16214518]
 [-2.2779753  -3.091634  ]
 [ 0.6746557   1.1024522 ]
 [-0.83355516 -1.9291447 ]
 [-1.5824205   1.9808315 ]
 [ 1.0857328  -0.35468048]
 [-3.0271485  -5.391157  ]
 [-0.48781016 -3.4530811 ]
 [-1.9136273  -4.252938  ]
 [-7.386995   -3.8046126 ]
 [ 1.3707379   0.3058313 ]
 [-0.39555424 -2.9663167 ]
 [ 0.17876013 -1.149812  ]
 [-2.8106482   0.84575355]
 [-2.9107373  -3.8145003 ]
 [ 0.65266573 -2.8073206 ]
 [ 0.26314417 -3.3163154 ]
 [-0.70314324 -0.19113055]
 [-0.00920104  0.83668566]
 [-2.2663732  -5.88986   ]
 [-1.7375827  -2.8669958 ]
 [ 0.7557042  -1.0829188 ]
 [-1.0892459  -2.2153244 ]
 [ 0.9567435   1.0353678 ]
 [-4.2856774  -2.2450202 ]
 [ 0.58350885  1.3171079 ]
 [ 0.47647056 -1.4010656 ]
 [-0.17116898 -1.4430072 ]
 [-3.670826   -3.827338  ]
 [-1.8287612  -0.68233883]
 [ 0.47633094  0.2589736 ]
 [-0.7820288  -3.9912806 ]
 [-1.9030402  -2.2010195 ]
 [-0.16673358 -2.053177  ]
 [-3.49251    -2.3564339 ]
 [-3.049429   -4.5494647 ]
 [-1.0198451  -0.29667827]
 [-0.20335603 -0.54725194]]
main_list=  [[2.3156540393829346, 0.13947030901908875], [-1.3901954889297485, 1.5334025621414185], [-0.4886535108089447, 0.3024592101573944], [0.6811519861221313, 1.999625325202942], [0.6607649326324463, 1.2661969661712646], [-1.7764228582382202, -2.8543856143951416], [-1.5479220151901245, -3.252122640609741], [-0.8436054587364197, -1.2997782230377197], [-0.9435712695121765, 1.16370689868927], [-2.494313955307007, -0.08790042251348495], [-4.399983882904053, -2.050736904144287], [-1.6513656377792358, -0.24031808972358704], [-0.14558690786361694, -6.274873733520508], [1.2910789251327515, 0.6070216298103333], [0.726539134979248, 1.499914288520813], [-1.1086863279342651, -2.1684017181396484], [-0.9113624095916748, -1.9962396621704102], [0.914655864238739, 0.5132722854614258], [1.7062673568725586, 2.3306877613067627], [-1.535672664642334, 0.057702429592609406], [1.2945997714996338, -1.479047179222107], [-3.5206942558288574, -1.7163712978363037], [-0.03737803176045418, -1.235228180885315], [-1.9089620113372803, -1.9090954065322876], [-1.8053669929504395, -1.3383747339248657], [-0.580133855342865, -0.4853117763996124], [1.2476532459259033, -0.6480614542961121], [1.3162391185760498, 0.5057481527328491], [-3.6922624111175537, -2.9539201259613037], [-4.289280891418457, 1.1337960958480835], [0.5132230520248413, -0.421286940574646], [-1.6629348993301392, -2.7850608825683594], [-0.6111710667610168, -1.339233636856079], [-0.7509673833847046, -2.8683204650878906], [-1.8280824422836304, 0.9171625375747681], [-3.555948257446289, -1.96815824508667], [-0.844944953918457, -3.546869993209839], [0.5483803749084473, 0.6936856508255005], [-2.1405162811279297, -0.9539257884025574], [-1.4224969148635864, -1.4942229986190796], [0.3361532986164093, -0.2069409191608429], [-2.4299817085266113, -1.94154953956604], [-0.40033864974975586, 0.9839797616004944], [-1.9968079328536987, -1.958511233329773], [-2.161651849746704, 0.45484593510627747], [-0.32498785853385925, 0.15827840566635132], [-1.0504481792449951, -2.4921979904174805], [-0.08733934909105301, 1.033870816230774], [-2.830463409423828, 1.7218753099441528], [-1.240717887878418, -3.349025249481201], [-0.15484057366847992, -2.1339876651763916], [-1.2359482049942017, -0.04153512045741081], [-0.5319438576698303, -1.6920524835586548], [-0.18849635124206543, -0.25824928283691406], [-2.848517656326294, -1.2600317001342773], [-4.675471782684326, -3.1628098487854004], [-4.271267890930176, -1.1009612083435059], [-0.3974094092845917, -0.08480442315340042], [-0.7301772832870483, -2.4007067680358887], [-1.5845415592193604, -0.7625149488449097], [0.5361685752868652, -0.731081485748291], [-2.459149122238159, -0.6915382742881775], [-2.2941722869873047, -0.16214518249034882], [-2.27797532081604, -3.0916340351104736], [0.6746556758880615, 1.1024521589279175], [-0.8335551619529724, -1.9291447401046753], [-1.5824204683303833, 1.980831503868103], [1.0857328176498413, -0.35468047857284546], [-3.027148485183716, -5.391157150268555], [-0.4878101646900177, -3.4530811309814453], [-1.91362726688385, -4.2529377937316895], [-7.3869948387146, -3.804612636566162], [1.370737910270691, 0.30583131313323975], [-0.39555424451828003, -2.9663166999816895], [0.1787601262331009, -1.1498119831085205], [-2.810648202896118, 0.84575355052948], [-2.9107372760772705, -3.814500331878662], [0.6526657342910767, -2.8073205947875977], [0.2631441652774811, -3.3163154125213623], [-0.7031432390213013, -0.19113054871559143], [-0.009201038628816605, 0.8366856575012207], [-2.2663731575012207, -5.889860153198242], [-1.7375826835632324, -2.8669958114624023], [0.7557042241096497, -1.0829187631607056], [-1.0892459154129028, -2.2153244018554688], [0.9567434787750244, 1.0353678464889526], [-4.285677433013916, -2.2450201511383057], [0.5835088491439819, 1.317107915878296], [0.47647055983543396, -1.4010655879974365], [-0.1711689829826355, -1.443007230758667], [-3.670825958251953, -3.8273379802703857], [-1.8287612199783325, -0.6823388338088989], [0.4763309359550476, 0.2589735984802246], [-0.7820287942886353, -3.9912805557250977], [-1.9030401706695557, -2.201019525527954], [-0.16673357784748077, -2.0531771183013916], [-3.4925100803375244, -2.356433868408203], [-3.049428939819336, -4.549464702606201], [-1.0198451280593872, -0.2966782748699188], [-0.20335602760314941, -0.5472519397735596]]
