main=  [[-2.5302217  -1.0884002 ]
 [-2.3969903  -1.7067311 ]
 [-3.8060794   0.01008766]
 [-2.7128186  -4.7074513 ]
 [-3.6911967  -1.4954085 ]
 [ 0.1536924   0.8738636 ]
 [-0.69584966 -0.69584966]
 [-1.7614716   0.31485847]
 [ 0.15588659 -1.5478421 ]
 [-0.2533102  -0.2541378 ]
 [-1.4020684  -2.461575  ]
 [-1.8843062  -2.6199028 ]
 [-4.2018347  -5.783059  ]
 [-0.0892641  -0.10063478]
 [-1.6483828  -1.6486248 ]
 [-0.2940083  -0.30748114]
 [-1.6295898   0.42972594]
 [ 0.30072913 -0.7061454 ]
 [-1.9386451  -3.9960518 ]
 [-3.0401268  -1.2985352 ]
 [-0.9083371  -1.3333343 ]
 [-0.70576465 -1.6229284 ]
 [-1.3939233  -5.5714097 ]
 [-0.29409954 -0.26911244]
 [-4.990529   -4.6568513 ]
 [-4.801359   -3.0022423 ]
 [-2.186004   -0.93736666]
 [-0.26039836 -0.2649367 ]
 [-0.5050519  -0.41353175]
 [-1.5804602  -0.01536437]
 [-3.4355645  -3.6278753 ]
 [-1.0497373  -2.2878032 ]
 [-1.6338812  -2.5021524 ]
 [-1.7586906  -2.2896574 ]
 [ 0.7427219   1.1784116 ]
 [-1.3847798  -1.3731296 ]
 [ 0.21639879 -2.6274917 ]
 [-1.1350404  -5.410776  ]
 [-1.25519    -1.2717103 ]
 [-1.646341   -0.8395521 ]
 [-0.5253642  -2.6536083 ]
 [-3.5034935  -3.735089  ]
 [-3.4667184  -2.1929476 ]
 [ 0.60257304  0.8879709 ]
 [-2.58321    -0.8663126 ]
 [-1.4281367  -2.0625417 ]
 [-1.4139696  -2.010684  ]
 [-1.166659    0.57915616]
 [ 0.32321253 -1.3959973 ]
 [-2.2524958  -1.5003356 ]
 [-0.9895251  -1.3028288 ]
 [-2.6277685  -4.8656626 ]
 [-0.7599954   0.95901895]
 [ 0.38337052  0.38337052]
 [-1.9938278  -0.71630144]
 [-3.6421568  -1.5309012 ]
 [-0.81701803 -0.4209747 ]
 [ 1.8659147  -0.03136   ]
 [-1.2678245  -0.45165277]
 [-2.362507   -2.362507  ]
 [-3.4182944  -5.1813235 ]
 [-1.0090425  -0.7598571 ]
 [-1.7402016  -1.4847512 ]
 [-0.95878655 -1.0408862 ]
 [ 0.47908145  0.65296865]
 [-1.6767063  -1.2402743 ]
 [ 0.31487253 -0.01823827]
 [-1.4402748   0.30711997]
 [ 0.17192943 -0.942395  ]
 [-1.6600227  -1.3588222 ]
 [-1.3997036  -0.74179274]
 [-0.11338421 -2.0385423 ]
 [-1.9934505  -3.4390852 ]
 [-2.0024087  -3.2431316 ]
 [-0.29637104  0.21551481]
 [-0.08550739 -2.8748682 ]
 [-1.6900926  -1.7238579 ]
 [-3.949207   -4.5350494 ]
 [-2.2561646  -1.2849426 ]
 [-4.9874935  -3.799597  ]
 [-2.9344602  -2.9352553 ]
 [-3.5153878  -1.8209394 ]
 [-0.8087268  -0.9085789 ]
 [-0.10039894 -0.11741396]
 [-2.0136557  -2.9357002 ]
 [-4.306277   -3.7811081 ]
 [-1.3093727  -5.6560354 ]
 [-2.9681392  -2.859992  ]
 [ 0.27644786  0.7598218 ]
 [-1.5945919  -1.87755   ]
 [ 0.33128613  0.31928852]
 [ 0.79276866 -0.2800976 ]
 [-2.5489557  -2.549259  ]
 [-2.23156    -2.2273018 ]
 [-2.306716   -0.624083  ]
 [-3.6582887  -1.5317405 ]
 [-0.2335352   0.0136783 ]
 [-0.33071965 -3.2162094 ]
 [-0.4515757  -4.6824875 ]
 [-1.4645666  -1.4645666 ]]
main_list=  [[-2.530221700668335, -1.0884002447128296], [-2.3969902992248535, -1.7067310810089111], [-3.806079387664795, 0.010087656788527966], [-2.7128186225891113, -4.707451343536377], [-3.6911966800689697, -1.495408535003662], [0.15369239449501038, 0.8738635778427124], [-0.6958496570587158, -0.6958496570587158], [-1.7614716291427612, 0.31485846638679504], [0.15588659048080444, -1.5478421449661255], [-0.2533102035522461, -0.2541378140449524], [-1.4020683765411377, -2.4615750312805176], [-1.8843061923980713, -2.6199028491973877], [-4.201834678649902, -5.783059120178223], [-0.08926410228013992, -0.10063477605581284], [-1.6483827829360962, -1.6486247777938843], [-0.2940083146095276, -0.30748113989830017], [-1.6295897960662842, 0.4297259449958801], [0.3007291257381439, -0.7061454057693481], [-1.9386451244354248, -3.996051788330078], [-3.0401268005371094, -1.2985352277755737], [-0.9083371162414551, -1.3333343267440796], [-0.705764651298523, -1.6229283809661865], [-1.393923282623291, -5.571409702301025], [-0.2940995395183563, -0.2691124379634857], [-4.9905290603637695, -4.656851291656494], [-4.801359176635742, -3.00224232673645], [-2.1860039234161377, -0.9373666644096375], [-0.26039835810661316, -0.2649366855621338], [-0.5050519108772278, -0.41353175044059753], [-1.5804601907730103, -0.015364372171461582], [-3.4355645179748535, -3.627875328063965], [-1.0497373342514038, -2.2878031730651855], [-1.6338812112808228, -2.502152442932129], [-1.758690595626831, -2.2896573543548584], [0.7427219152450562, 1.178411602973938], [-1.3847798109054565, -1.3731296062469482], [0.21639879047870636, -2.6274917125701904], [-1.1350404024124146, -5.410776138305664], [-1.2551900148391724, -1.2717102766036987], [-1.6463409662246704, -0.839552104473114], [-0.5253642201423645, -2.6536083221435547], [-3.503493547439575, -3.735089063644409], [-3.4667184352874756, -2.1929476261138916], [0.602573037147522, 0.8879709243774414], [-2.583209991455078, -0.8663126230239868], [-1.4281367063522339, -2.0625417232513428], [-1.41396963596344, -2.010684013366699], [-1.1666589975357056, 0.5791561603546143], [0.32321253418922424, -1.3959972858428955], [-2.252495765686035, -1.5003355741500854], [-0.9895250797271729, -1.3028287887573242], [-2.6277685165405273, -4.865662574768066], [-0.7599954009056091, 0.9590189456939697], [0.3833705186843872, 0.3833705186843872], [-1.9938278198242188, -0.716301441192627], [-3.6421568393707275, -1.5309011936187744], [-0.8170180320739746, -0.4209747016429901], [1.8659147024154663, -0.03136000037193298], [-1.2678245306015015, -0.45165276527404785], [-2.3625071048736572, -2.3625071048736572], [-3.4182944297790527, -5.181323528289795], [-1.009042501449585, -0.7598571181297302], [-1.7402015924453735, -1.4847512245178223], [-0.9587865471839905, -1.0408861637115479], [0.4790814518928528, 0.6529686450958252], [-1.676706314086914, -1.2402743101119995], [0.31487253308296204, -0.01823827438056469], [-1.4402748346328735, 0.3071199655532837], [0.17192943394184113, -0.9423949718475342], [-1.6600227355957031, -1.358822226524353], [-1.3997036218643188, -0.7417927384376526], [-0.11338420957326889, -2.0385422706604004], [-1.9934505224227905, -3.4390852451324463], [-2.002408742904663, -3.243131637573242], [-0.2963710427284241, 0.21551480889320374], [-0.08550738543272018, -2.874868154525757], [-1.6900925636291504, -1.7238578796386719], [-3.949207067489624, -4.5350494384765625], [-2.25616455078125, -1.284942626953125], [-4.987493515014648, -3.7995970249176025], [-2.934460163116455, -2.935255289077759], [-3.515387773513794, -1.8209394216537476], [-0.8087267875671387, -0.9085788726806641], [-0.1003989428281784, -0.1174139603972435], [-2.013655662536621, -2.9357001781463623], [-4.306276798248291, -3.7811081409454346], [-1.3093726634979248, -5.656035423278809], [-2.968139171600342, -2.859992027282715], [0.2764478623867035, 0.7598217725753784], [-1.5945918560028076, -1.8775500059127808], [0.33128613233566284, 0.3192885220050812], [0.792768657207489, -0.2800976037979126], [-2.5489556789398193, -2.5492589473724365], [-2.231559991836548, -2.227301836013794], [-2.306715965270996, -0.6240829825401306], [-3.6582887172698975, -1.5317405462265015], [-0.23353520035743713, 0.013678300194442272], [-0.33071964979171753, -3.2162094116210938], [-0.45157569646835327, -4.682487487792969], [-1.4645665884017944, -1.4645665884017944]]
