jr_phy=  [[-1.3582433  -0.8955047 ]
 [ 0.03467046 -1.7545449 ]
 [-0.99266577 -0.92510223]
 [-1.52596    -1.59103   ]
 [ 0.71031356  1.3568414 ]
 [-0.13983299 -6.980891  ]
 [-2.0930176  -1.6351753 ]
 [-0.13378045 -1.3568778 ]
 [-2.6637473  -2.2725918 ]
 [ 0.6492193   0.21748921]
 [-1.2798744  -1.0736566 ]
 [-0.10141909 -2.8546236 ]
 [-0.3601854  -5.246604  ]
 [-0.22252682 -0.73740715]
 [-2.8274233  -3.2788439 ]
 [-1.7085832  -1.819716  ]
 [ 0.13876581  0.3577098 ]
 [-2.5463066  -0.9666625 ]
 [-2.8791957  -2.4919631 ]
 [-1.1013852  -1.6826447 ]
 [-0.87943935 -0.75575894]
 [-1.2650816  -2.278952  ]
 [-1.1439619  -1.4024321 ]
 [-2.6548364  -4.437993  ]
 [-0.5379539  -2.1929939 ]
 [-4.252398   -4.0712304 ]
 [-1.6483623  -1.2197595 ]
 [-0.23086335 -5.9227443 ]
 [-2.2541552  -1.0307037 ]
 [-5.806319   -3.943955  ]
 [-0.94374335 -1.1214164 ]
 [-1.039364   -0.65064853]
 [-0.60909605 -5.809161  ]
 [-3.3132534  -3.7377486 ]
 [-3.5883193  -2.4860914 ]
 [-0.88287455 -2.837496  ]
 [-0.82149535 -2.438654  ]
 [-2.0055857  -4.392729  ]
 [-2.1827123  -0.8530584 ]
 [-0.05783805 -0.5365883 ]
 [-1.3547038  -0.5013426 ]
 [-1.9586318  -1.5773777 ]
 [ 0.14841075 -1.1372467 ]
 [-4.195933   -3.3423307 ]
 [-0.06168818 -0.630416  ]
 [-0.21117146 -2.091545  ]
 [ 0.20625293 -1.1869314 ]
 [-1.252846   -2.3817277 ]
 [-0.02981443 -0.8552642 ]
 [-2.8708076  -0.41123715]
 [ 1.0001742  -0.7265523 ]
 [-0.27588952 -0.32788107]
 [ 0.12247942 -3.4002562 ]
 [-2.4645865  -0.9732716 ]
 [-3.5036378  -2.004113  ]
 [-0.08836678 -2.3979638 ]
 [-2.387807   -2.461724  ]
 [-0.59751505  0.06223701]
 [-1.4066064  -3.685177  ]
 [-1.4321791  -4.892118  ]
 [-0.39773813  0.63632625]
 [-0.41579023 -2.9091384 ]
 [-2.4178307  -3.4234834 ]
 [-2.8428814  -6.7413273 ]
 [-0.7598392  -3.7954652 ]
 [-3.69383    -3.8109565 ]
 [-0.14866364 -2.9459963 ]
 [-0.9986058   0.64180243]
 [ 0.8712417   1.2820988 ]
 [-3.8771937  -2.846703  ]
 [-2.041549   -2.2308354 ]
 [-0.5559362  -1.4262377 ]
 [-2.4663923  -2.9357889 ]
 [-2.6921997  -4.2698226 ]
 [-3.0405211  -2.271586  ]
 [-0.52308923 -0.7234209 ]
 [-1.2939324  -3.7532268 ]
 [-0.11511237 -2.562433  ]
 [-3.3829992   0.7390916 ]
 [-2.1899781  -2.362144  ]
 [-2.4384818  -2.5975103 ]
 [-0.9348821   0.17356464]
 [-2.3189335  -1.3949358 ]
 [-0.94183594 -4.6325574 ]
 [-0.27838534 -5.810413  ]
 [ 0.9590367   1.5471357 ]
 [-3.4163215  -3.7976527 ]
 [-1.0596943  -1.2629912 ]
 [-0.8059724  -3.370613  ]
 [-1.0189279  -3.2320619 ]
 [ 1.0018017  -0.46467766]
 [-3.7480333  -3.6775742 ]
 [ 0.1792369  -0.6164196 ]
 [-2.2075388  -4.553851  ]
 [-3.0662968  -4.978537  ]
 [-1.0049434  -1.7569914 ]
 [-3.7806573  -6.7156653 ]
 [-2.7100337  -4.5126896 ]
 [-4.748571   -7.3289165 ]
 [ 1.6716479   2.5990806 ]]
jr_phy_list=  [[-1.3582433462142944, -0.8955047130584717], [0.03467046469449997, -1.7545448541641235], [-0.9926657676696777, -0.9251022338867188], [-1.5259599685668945, -1.5910300016403198], [0.7103135585784912, 1.3568414449691772], [-0.1398329883813858, -6.980891227722168], [-2.093017578125, -1.635175347328186], [-0.13378044962882996, -1.3568778038024902], [-2.6637473106384277, -2.2725918292999268], [0.649219274520874, 0.21748921275138855], [-1.2798744440078735, -1.0736565589904785], [-0.10141909122467041, -2.854623556137085], [-0.3601854145526886, -5.246603965759277], [-0.22252681851387024, -0.7374071478843689], [-2.827423334121704, -3.278843879699707], [-1.7085832357406616, -1.819715976715088], [0.13876581192016602, 0.3577097952365875], [-2.546306610107422, -0.9666625261306763], [-2.8791956901550293, -2.4919631481170654], [-1.101385235786438, -1.6826447248458862], [-0.8794393539428711, -0.7557589411735535], [-1.2650816440582275, -2.27895188331604], [-1.1439619064331055, -1.4024320840835571], [-2.654836416244507, -4.437993049621582], [-0.5379539132118225, -2.1929938793182373], [-4.2523980140686035, -4.071230411529541], [-1.6483622789382935, -1.219759464263916], [-0.23086334764957428, -5.922744274139404], [-2.254155158996582, -1.0307036638259888], [-5.806319236755371, -3.9439549446105957], [-0.9437433481216431, -1.121416449546814], [-1.039363980293274, -0.6506485342979431], [-0.6090960502624512, -5.809161186218262], [-3.313253402709961, -3.737748622894287], [-3.5883193016052246, -2.486091375350952], [-0.8828745484352112, -2.837496042251587], [-0.8214953541755676, -2.4386539459228516], [-2.0055856704711914, -4.392728805541992], [-2.1827123165130615, -0.853058397769928], [-0.05783804878592491, -0.5365883111953735], [-1.3547037839889526, -0.5013425946235657], [-1.9586317539215088, -1.5773776769638062], [0.14841075241565704, -1.1372467279434204], [-4.195932865142822, -3.3423306941986084], [-0.06168817728757858, -0.6304159760475159], [-0.2111714631319046, -2.0915451049804688], [0.20625293254852295, -1.1869313716888428], [-1.2528460025787354, -2.381727695465088], [-0.029814433306455612, -0.8552641868591309], [-2.870807647705078, -0.4112371504306793], [1.0001741647720337, -0.7265523076057434], [-0.27588951587677, -0.3278810679912567], [0.12247941642999649, -3.4002561569213867], [-2.4645864963531494, -0.9732716083526611], [-3.5036377906799316, -2.004112958908081], [-0.0883667841553688, -2.397963762283325], [-2.3878068923950195, -2.461724042892456], [-0.5975150465965271, 0.06223701313138008], [-1.4066064357757568, -3.6851770877838135], [-1.4321790933609009, -4.892117977142334], [-0.39773812890052795, 0.636326253414154], [-0.41579023003578186, -2.9091384410858154], [-2.4178307056427, -3.423483371734619], [-2.842881441116333, -6.741327285766602], [-0.7598391771316528, -3.7954652309417725], [-3.6938300132751465, -3.8109564781188965], [-0.14866364002227783, -2.9459962844848633], [-0.9986057877540588, 0.6418024301528931], [0.8712416887283325, 1.2820987701416016], [-3.8771936893463135, -2.846703052520752], [-2.04154896736145, -2.230835437774658], [-0.5559362173080444, -1.42623770236969], [-2.4663922786712646, -2.935788869857788], [-2.69219970703125, -4.269822597503662], [-3.0405211448669434, -2.2715859413146973], [-0.5230892300605774, -0.7234209179878235], [-1.2939324378967285, -3.7532267570495605], [-0.11511237174272537, -2.5624330043792725], [-3.3829991817474365, 0.7390915751457214], [-2.1899781227111816, -2.3621439933776855], [-2.4384818077087402, -2.59751033782959], [-0.9348821043968201, 0.17356464266777039], [-2.3189334869384766, -1.3949358463287354], [-0.9418359398841858, -4.632557392120361], [-0.27838534116744995, -5.810412883758545], [0.9590367078781128, 1.5471357107162476], [-3.4163215160369873, -3.7976527214050293], [-1.0596942901611328, -1.262991189956665], [-0.8059723973274231, -3.3706130981445312], [-1.0189279317855835, -3.2320618629455566], [1.0018017292022705, -0.4646776616573334], [-3.748033285140991, -3.6775741577148438], [0.17923690378665924, -0.6164196133613586], [-2.2075388431549072, -4.553851127624512], [-3.0662968158721924, -4.978537082672119], [-1.0049433708190918, -1.7569913864135742], [-3.7806572914123535, -6.715665340423584], [-2.710033655166626, -4.512689590454102], [-4.748570919036865, -7.328916549682617], [1.6716479063034058, 2.5990805625915527]]
