sr_phy=  [[-1.4256424  -0.9492398 ]
 [-1.0515062  -1.0795382 ]
 [ 0.9881846  -0.8211866 ]
 [ 1.9092716   1.5274155 ]
 [ 0.42946216 -0.73522747]
 [ 0.31075203 -0.7779586 ]
 [-0.5542882   1.0737746 ]
 [ 0.42273608 -1.8595774 ]
 [ 0.19274841 -0.40569395]
 [-1.0561305  -0.07264716]
 [ 0.11607255  0.10857866]
 [-0.53443193 -0.53443164]
 [ 0.27689165  0.27613187]
 [-0.17926146 -0.7729643 ]
 [-0.27649298 -0.07428587]
 [-1.7654505  -0.94320554]
 [-1.2972099  -0.8205085 ]
 [-0.12636034 -1.154085  ]
 [-1.2556635  -1.1295766 ]
 [-1.9271606  -1.9271606 ]
 [ 2.572093   -0.38890845]
 [-2.3347304  -1.7845882 ]
 [ 0.34498873 -0.9129367 ]
 [-0.07171662 -1.3710617 ]
 [ 0.07484374 -0.44894624]
 [-0.0949745  -1.1508901 ]
 [-0.13015886  0.47465092]
 [ 1.7142564   0.14123167]
 [ 0.25329062  0.25329062]
 [-1.7107888  -0.88723075]
 [ 0.76025695 -0.60971636]
 [-2.218748   -0.9248225 ]
 [-1.543326   -1.543326  ]
 [-0.07395878 -0.70455223]
 [-0.87842643 -0.90753925]
 [-0.98150104 -0.98150176]
 [-0.52136934 -0.35830003]
 [-1.0156248  -1.0635374 ]
 [-0.09968294 -0.2333685 ]
 [-1.2237554  -1.2083879 ]
 [-1.8703955   0.78601456]
 [-1.0960937  -1.3860847 ]
 [-0.9359264  -2.0246577 ]
 [-0.1203268  -0.06574436]
 [-2.3155866  -2.197537  ]
 [-1.5528592  -1.5587649 ]
 [-0.37308848 -0.37308848]
 [-1.2550964  -0.7775255 ]
 [-2.2047513  -2.746946  ]
 [ 0.28695297  0.0170137 ]
 [ 0.31335732  0.04417783]
 [-2.3941028  -1.4276501 ]
 [-0.7005013  -0.6928437 ]
 [-2.1728945  -2.1728945 ]
 [-1.6252891  -0.83166665]
 [ 0.16999494 -1.468279  ]
 [-0.23710878 -0.67309314]
 [-1.3935707  -2.2677557 ]
 [ 0.91600347  0.02846859]
 [ 0.11698157  0.12393978]
 [-1.2809142  -1.381474  ]
 [ 0.2675687  -1.0174778 ]
 [-1.4544191  -0.9253055 ]
 [-1.8185928  -1.0243962 ]
 [-0.6417922  -0.6429846 ]
 [ 0.3501294  -1.5669359 ]
 [-2.6365252  -0.40395236]
 [ 0.4962607  -0.5983548 ]
 [-0.2842635  -0.28426424]
 [ 0.0185768  -0.2175656 ]
 [-1.2294888  -0.40249255]
 [-0.22647491  0.29959714]
 [-1.0535198  -1.0594196 ]
 [ 0.23817363 -1.1813573 ]
 [-1.0457777  -1.0312998 ]
 [-0.08461583 -0.08506531]
 [ 0.5688458   1.1705594 ]
 [-0.02000927 -0.28918877]
 [ 0.5457158  -1.5355607 ]
 [-0.617441   -0.6266494 ]
 [-0.87960184 -0.88113755]
 [-1.2871958   0.49916768]
 [-1.6996307  -1.1735418 ]
 [-0.9831066  -0.9831066 ]
 [ 0.7589607  -0.00587522]
 [-0.8393558  -0.8393558 ]
 [-1.4514544  -1.4510757 ]
 [-0.92774737 -0.8733493 ]
 [-0.4362187  -0.4362187 ]
 [-0.51047444 -0.65228134]
 [ 1.2809652   0.22050789]
 [ 0.5291581  -1.2211424 ]
 [-1.2224281  -1.2208835 ]
 [-1.2342438  -0.01339145]
 [-0.01876872 -0.33268705]
 [-1.3680239  -0.31208903]
 [-0.983754   -0.4552467 ]
 [-1.3206617  -0.85099906]
 [-2.6126301  -2.606093  ]
 [-0.7390676  -0.5639714 ]]
sr_phy_list=  [[-1.4256423711776733, -0.9492397904396057], [-1.0515061616897583, -1.0795382261276245], [0.9881845712661743, -0.8211866021156311], [1.9092715978622437, 1.5274155139923096], [0.42946216464042664, -0.7352274656295776], [0.3107520341873169, -0.7779585719108582], [-0.5542882084846497, 1.0737745761871338], [0.4227360785007477, -1.8595774173736572], [0.19274841248989105, -0.4056939482688904], [-1.0561305284500122, -0.07264716178178787], [0.11607255041599274, 0.10857865959405899], [-0.5344319343566895, -0.5344316363334656], [0.27689164876937866, 0.27613186836242676], [-0.1792614609003067, -0.7729642987251282], [-0.27649298310279846, -0.07428587228059769], [-1.7654504776000977, -0.9432055354118347], [-1.2972098588943481, -0.8205084800720215], [-0.12636034190654755, -1.1540850400924683], [-1.255663514137268, -1.129576563835144], [-1.927160620689392, -1.927160620689392], [2.5720930099487305, -0.3889084458351135], [-2.334730386734009, -1.7845882177352905], [0.34498873353004456, -0.9129366874694824], [-0.07171662151813507, -1.3710616827011108], [0.07484374195337296, -0.4489462375640869], [-0.09497450292110443, -1.1508901119232178], [-0.13015885651111603, 0.47465091943740845], [1.7142564058303833, 0.14123167097568512], [0.2532906234264374, 0.2532906234264374], [-1.7107888460159302, -0.8872307538986206], [0.7602569460868835, -0.6097163558006287], [-2.218748092651367, -0.9248225092887878], [-1.5433260202407837, -1.5433260202407837], [-0.07395878434181213, -0.7045522332191467], [-0.8784264326095581, -0.9075392484664917], [-0.981501042842865, -0.9815017580986023], [-0.5213693380355835, -0.35830003023147583], [-1.015624761581421, -1.063537359237671], [-0.09968294203281403, -0.23336850106716156], [-1.2237553596496582, -1.208387851715088], [-1.870395541191101, 0.7860145568847656], [-1.0960936546325684, -1.3860846757888794], [-0.9359263777732849, -2.024657726287842], [-0.12032680213451385, -0.06574435532093048], [-2.315586566925049, -2.1975369453430176], [-1.5528591871261597, -1.558764934539795], [-0.3730884790420532, -0.3730884790420532], [-1.255096435546875, -0.7775254845619202], [-2.2047512531280518, -2.746946096420288], [0.2869529724121094, 0.01701369695365429], [0.31335732340812683, 0.0441778339445591], [-2.3941028118133545, -1.4276500940322876], [-0.7005013227462769, -0.6928436756134033], [-2.1728944778442383, -2.1728944778442383], [-1.6252890825271606, -0.8316666483879089], [0.16999493539333344, -1.4682790040969849], [-0.23710878193378448, -0.6730931401252747], [-1.3935706615447998, -2.2677557468414307], [0.9160034656524658, 0.02846859022974968], [0.11698157340288162, 0.12393978238105774], [-1.2809141874313354, -1.3814740180969238], [0.2675687074661255, -1.0174777507781982], [-1.4544191360473633, -0.9253054857254028], [-1.8185927867889404, -1.0243961811065674], [-0.6417921781539917, -0.6429846286773682], [0.3501293957233429, -1.5669358968734741], [-2.6365251541137695, -0.40395236015319824], [0.49626070261001587, -0.5983548164367676], [-0.2842634916305542, -0.2842642366886139], [0.01857680268585682, -0.2175655961036682], [-1.2294888496398926, -0.40249255299568176], [-0.22647491097450256, 0.2995971441268921], [-1.05351984500885, -1.0594196319580078], [0.23817363381385803, -1.1813572645187378], [-1.045777678489685, -1.0312998294830322], [-0.08461582660675049, -0.0850653126835823], [0.568845808506012, 1.1705594062805176], [-0.020009268075227737, -0.28918877243995667], [0.5457158088684082, -1.5355607271194458], [-0.6174409985542297, -0.6266493797302246], [-0.8796018362045288, -0.8811375498771667], [-1.2871958017349243, 0.49916768074035645], [-1.6996307373046875, -1.173541784286499], [-0.9831066131591797, -0.9831066131591797], [0.7589607238769531, -0.005875219125300646], [-0.8393558263778687, -0.8393558263778687], [-1.4514544010162354, -1.4510756731033325], [-0.927747368812561, -0.8733493089675903], [-0.4362187087535858, -0.4362187087535858], [-0.510474443435669, -0.6522813439369202], [1.2809652090072632, 0.2205078899860382], [0.5291581153869629, -1.2211424112319946], [-1.2224280834197998, -1.2208834886550903], [-1.2342437505722046, -0.013391450047492981], [-0.01876871846616268, -0.33268705010414124], [-1.3680238723754883, -0.3120890259742737], [-0.9837539792060852, -0.4552466869354248], [-1.3206616640090942, -0.8509990572929382], [-2.6126301288604736, -2.606092929840088], [-0.7390676140785217, -0.5639714002609253]]
