7_ad_hyp_dep:  [[ 1.99990129e+00]
 [-1.11154354e+00]
 [-2.56267834e+00]
 [-3.01742435e+00]
 [-5.34773827e-01]
 [-2.07186699e+00]
 [ 2.11405024e-01]
 [-3.69685626e+00]
 [-1.84905541e+00]
 [-2.85516524e+00]
 [-2.21189308e+00]
 [-7.81624138e-01]
 [-1.16990960e+00]
 [-1.19446635e+00]
 [-1.09861471e-01]
 [-2.52416110e+00]
 [-1.96623874e+00]
 [-1.62243450e+00]
 [ 1.72580719e+00]
 [-3.42224836e+00]
 [-4.61441755e+00]
 [-2.15738678e+00]
 [-4.29853868e+00]
 [-1.39269948e+00]
 [-3.06870937e-01]
 [ 6.26719654e-01]
 [-3.31653261e+00]
 [ 8.51482451e-01]
 [-2.05816126e+00]
 [-1.41321921e+00]
 [-2.31185102e+00]
 [-2.38599226e-01]
 [-7.89018393e-01]
 [-1.40896356e+00]
 [ 8.31478089e-03]
 [-1.68777621e+00]
 [-1.84405878e-01]
 [ 2.97458947e-01]
 [-2.94019628e+00]
 [-3.62354517e-01]
 [-6.09273791e-01]
 [ 1.37139946e-01]
 [ 6.77958310e-01]
 [ 8.02961111e-01]
 [-3.99053067e-01]
 [-9.80817080e-01]
 [-8.90308738e-01]
 [-4.18922484e-01]
 [-1.17633283e+00]
 [-5.82257080e+00]
 [-1.28456509e+00]
 [-4.31220865e+00]
 [-2.56959486e+00]
 [-9.45655644e-01]
 [-1.53978431e+00]
 [-1.55066264e+00]
 [-4.96156991e-01]
 [-9.88283455e-01]
 [-2.81521845e+00]
 [-2.07137287e-01]
 [-2.70215392e+00]
 [-1.26972705e-01]
 [-5.73409021e-01]
 [-7.11731136e-01]
 [-1.33124220e+00]
 [-4.58290625e+00]
 [-2.41133976e+00]
 [-1.41702101e-01]
 [-1.82275617e+00]
 [-5.43691516e-01]
 [-4.48233700e+00]
 [-1.39392471e+00]
 [-2.01345849e+00]
 [-2.33470976e-01]
 [-1.10695827e+00]
 [-2.37753773e+00]
 [ 1.17022224e-01]
 [ 3.73261422e-01]
 [-4.17117310e+00]
 [-1.71324193e+00]
 [-2.25713325e+00]
 [ 1.83856297e+00]
 [-1.38993144e+00]
 [-4.01763886e-01]
 [-4.82506663e-01]
 [-1.30850363e+00]
 [ 2.77670864e-02]
 [ 2.43527885e-03]
 [-1.58385205e+00]
 [-1.52734056e-01]
 [ 9.83007252e-01]
 [-1.62684488e+00]
 [-7.46772349e-01]
 [ 1.61069006e-01]
 [-2.23876524e+00]
 [-1.86016870e+00]
 [ 1.22596097e+00]
 [-1.16408658e+00]
 [-2.48794413e+00]
 [-1.30423561e-01]]
