10_ad_hyp:  [[-3.4268279e+00]
 [-1.2600949e+00]
 [-2.5942750e+00]
 [-1.6960231e+00]
 [-4.0507903e+00]
 [-7.9445690e-01]
 [-2.5985806e+00]
 [-3.5282439e-01]
 [-2.9367471e+00]
 [-4.8536345e-01]
 [-1.5525542e+00]
 [-3.4904642e+00]
 [-1.0104324e+00]
 [-1.9970585e+00]
 [ 6.5310544e-01]
 [-2.2012587e+00]
 [-9.0127653e-01]
 [-9.4969302e-01]
 [-4.3884274e-01]
 [-1.3043146e+00]
 [-1.9323761e+00]
 [-4.5802513e-01]
 [-1.9258430e+00]
 [-1.8066856e+00]
 [-6.8900180e+00]
 [-9.8035794e-01]
 [-1.6249827e+00]
 [-1.6563160e+00]
 [-1.6482797e+00]
 [-1.2363470e+00]
 [-2.0315838e-03]
 [-1.9422069e+00]
 [-2.9226443e-01]
 [-5.5851173e-01]
 [-3.9472487e+00]
 [-1.0091499e+00]
 [ 3.7378243e-01]
 [ 8.7934965e-01]
 [-5.3635502e+00]
 [-4.9633656e+00]
 [-3.9403886e-01]
 [-3.7795417e+00]
 [ 1.5033933e+00]
 [ 1.8126348e-01]
 [-8.9681655e-02]
 [-1.9230036e+00]
 [ 8.9358515e-01]
 [-2.5234389e+00]
 [-3.9919585e-01]
 [-2.1252322e+00]
 [-2.4421198e+00]
 [-1.0494653e+00]
 [-9.7213799e-01]
 [-3.0284493e+00]
 [-7.5128675e-01]
 [-2.3054130e+00]
 [-2.0695022e-01]
 [-2.1350131e+00]
 [ 6.9964737e-02]
 [-3.1641264e+00]
 [-2.3738728e-01]
 [-1.7083744e+00]
 [-2.0757570e+00]
 [-8.4653866e-01]
 [ 5.1743853e-01]
 [-1.9254491e+00]
 [-4.1705699e+00]
 [-2.1701241e+00]
 [-1.4122401e+00]
 [-1.4672375e-01]
 [-1.9719052e+00]
 [-1.0448784e+00]
 [ 3.3145651e-01]
 [-2.4059455e+00]
 [-3.0775216e+00]
 [-8.5966718e-01]
 [-2.5636239e+00]
 [-2.9377396e+00]
 [-2.4827702e+00]
 [-2.5808749e+00]
 [-1.5348449e+00]
 [-9.9464709e-01]
 [-1.6988416e+00]
 [-1.1266503e+00]
 [-1.7791514e+00]
 [-2.8316734e+00]
 [-1.1739389e+00]
 [-3.0945113e+00]
 [ 1.8650607e+00]
 [-3.5628884e+00]
 [ 1.2756983e+00]
 [ 8.8657153e-01]
 [-1.6149921e+00]
 [ 1.3881197e+00]
 [-4.4854042e-01]
 [-3.7581933e+00]
 [-1.6980362e+00]
 [-3.7610159e+00]
 [-1.0685568e+00]
 [-2.4210792e+00]]
