6_ad_hyp:  [[-1.5728543 ]
 [-0.84561956]
 [-0.6648155 ]
 [-3.0816667 ]
 [-2.9641118 ]
 [-3.1724694 ]
 [-4.262516  ]
 [-3.4579065 ]
 [ 1.7575779 ]
 [ 0.7299205 ]
 [-1.4279991 ]
 [-2.9829497 ]
 [-3.137629  ]
 [-3.2539575 ]
 [-2.2373836 ]
 [-2.0334365 ]
 [-4.0573835 ]
 [-3.0994923 ]
 [-0.18330875]
 [-1.3317341 ]
 [-1.2282678 ]
 [-2.210219  ]
 [ 1.2188982 ]
 [-0.03160502]
 [-0.43406984]
 [-0.89335895]
 [ 1.7066904 ]
 [-0.16295443]
 [-2.0382736 ]
 [ 0.2335013 ]
 [-0.86992437]
 [ 0.3675267 ]
 [-0.68235195]
 [-1.9499376 ]
 [-2.6297214 ]
 [-0.28697187]
 [ 0.5632262 ]
 [-2.2082443 ]
 [-1.0564715 ]
 [-0.37749594]
 [ 0.46412554]
 [-2.457613  ]
 [-1.7212151 ]
 [-2.2133172 ]
 [-4.5592747 ]
 [-2.2070165 ]
 [-0.78871894]
 [-0.83717185]
 [-0.7313314 ]
 [-3.9090304 ]
 [-3.6976392 ]
 [-0.05587395]
 [-0.37974665]
 [-3.4723797 ]
 [ 0.7489788 ]
 [-2.8714254 ]
 [-0.38284042]
 [-1.8538768 ]
 [ 0.8311222 ]
 [ 1.0275583 ]
 [-1.1702574 ]
 [-2.59392   ]
 [ 0.23566802]
 [-0.16923705]
 [-0.25876737]
 [-0.8733028 ]
 [ 0.88883007]
 [-4.5533853 ]
 [-4.175216  ]
 [-4.0286355 ]
 [-1.4119459 ]
 [-0.55264705]
 [ 0.545662  ]
 [-0.25347355]
 [-1.0497581 ]
 [-1.7043324 ]
 [-1.0798378 ]
 [-0.5292912 ]
 [-2.2791524 ]
 [-0.69170064]
 [ 0.4832067 ]
 [-0.10791736]
 [-3.945628  ]
 [ 0.02171293]
 [-1.6299657 ]
 [-0.3235565 ]
 [-3.516077  ]
 [-0.34621894]
 [-5.545423  ]
 [-1.914763  ]
 [-2.13694   ]
 [-1.7747813 ]
 [-2.7025104 ]
 [-1.1678264 ]
 [-0.8200039 ]
 [-2.778369  ]
 [-0.33453682]
 [-2.5779305 ]
 [-1.9707806 ]
 [-1.0388399 ]]
