sr=  [[-1.55613935e+00 -1.99057424e+00]
 [-1.86582065e+00 -6.62676767e-02]
 [-3.63309771e-01 -1.06593120e+00]
 [-9.54299510e-01 -4.07506466e-01]
 [ 5.61739840e-02 -9.21819389e-01]
 [-1.85708150e-01  3.47151719e-02]
 [-1.39931107e+00 -8.21150467e-03]
 [-1.23018658e+00 -3.91076118e-01]
 [-5.87753236e-01 -5.87582707e-01]
 [-2.04837513e+00 -9.88733888e-01]
 [ 1.35754681e+00  6.31422043e-01]
 [ 6.02376089e-02 -4.43111944e+00]
 [-1.36587417e+00 -4.63692732e-02]
 [-7.35263169e-01 -2.11224824e-01]
 [-1.64987063e+00 -1.37749422e+00]
 [-4.68123865e+00 -4.46081543e+00]
 [-2.49368095e+00 -2.57285380e+00]
 [-1.93602395e+00 -2.73077488e+00]
 [-2.06130099e+00  1.04298663e+00]
 [-1.97175729e+00 -3.57788235e-01]
 [-1.05347574e+00 -3.31574082e-01]
 [-2.59472966e-01 -1.03395008e-01]
 [-2.35203218e+00 -6.22595608e-01]
 [ 9.96014103e-02 -1.11205614e+00]
 [-3.43256891e-01 -1.10746968e+00]
 [-2.97100782e-01  1.97612226e+00]
 [-4.13469410e+00 -6.06718206e+00]
 [ 3.92786562e-01  9.50766623e-01]
 [ 7.46816173e-02  2.95496583e-01]
 [-5.38054764e-01 -1.54112554e+00]
 [-1.90356806e-01  8.98637716e-03]
 [ 1.44507158e+00 -4.13194954e-01]
 [-2.47432685e+00  2.90545046e-01]
 [ 8.19024593e-02 -3.97218895e+00]
 [-6.22288644e-01 -2.06766605e+00]
 [ 1.07179716e-01 -2.07497406e+00]
 [-4.40293026e+00 -1.02212489e+00]
 [-3.97381067e+00 -3.97381067e+00]
 [-9.36442167e-02  1.25437096e-01]
 [-1.46039593e+00 -2.53862470e-01]
 [-5.22114575e-01  5.61527848e-01]
 [-2.59998083e+00 -2.64940882e+00]
 [ 7.18990743e-01 -1.12461843e-01]
 [-3.75647044e+00 -3.75647044e+00]
 [-7.48241723e-01 -7.27719069e-02]
 [-1.63562357e-01 -8.78242850e-01]
 [-1.55917060e+00  3.94659936e-01]
 [-1.52152658e+00  1.17073333e+00]
 [-5.10504127e-01  9.40771878e-01]
 [-3.08163261e+00 -3.98198999e-02]
 [-2.50515163e-01  3.83327663e-01]
 [-1.24855828e+00 -1.24598360e+00]
 [-5.78633130e-01 -1.60939705e+00]
 [-2.77354813e+00 -2.54989433e+00]
 [-2.02438784e+00 -2.02438784e+00]
 [-2.29047465e+00 -1.73610270e+00]
 [ 3.35833460e-01 -2.19231391e+00]
 [-2.91611242e+00  3.00928533e-01]
 [-1.62399113e-01 -2.97768927e+00]
 [ 2.19773620e-01  1.76745272e+00]
 [-1.48347306e+00 -1.25858629e+00]
 [-8.30272973e-01 -1.98768079e+00]
 [ 1.67876756e+00  5.65342069e-01]
 [-7.92852223e-01  9.88591313e-01]
 [-2.69669414e+00 -1.07851708e+00]
 [-1.15667331e+00 -2.35929227e+00]
 [-1.77372307e-01 -1.61915934e+00]
 [-8.83512497e-01 -9.45561349e-01]
 [-2.54369795e-01 -2.25255394e+00]
 [-1.07423079e+00 -3.53054494e-01]
 [-1.63269430e-01  1.19878478e-01]
 [-4.80436534e-01  6.77942276e-01]
 [-4.77376938e+00 -5.97462118e-01]
 [-6.12013862e-02  4.42030668e-01]
 [-2.84774065e+00 -5.59968948e-01]
 [-1.99826407e+00 -7.41883457e-01]
 [-6.99902713e-01 -1.11334264e+00]
 [-1.76088190e+00  5.20218909e-01]
 [-1.21549380e+00 -9.02027071e-01]
 [-6.98982298e-01 -4.92579967e-01]
 [-1.92608142e+00 -7.58899271e-01]
 [-7.71350712e-02  5.49683154e-01]
 [ 1.19307435e+00 -4.58720016e+00]
 [-7.15964198e-01 -7.66429186e-01]
 [ 2.13602751e-01 -1.95469546e+00]
 [-9.00440097e-01  2.53638953e-01]
 [-2.02734962e-01 -2.09855771e+00]
 [-3.78753567e+00  1.20191228e+00]
 [-2.35177326e+00 -3.18309158e-01]
 [-2.93614960e+00 -3.31401777e+00]
 [ 8.53125036e-01 -1.27509534e+00]
 [ 6.57601893e-01  1.87860489e+00]
 [ 1.89412132e-01 -2.36213136e+00]
 [-9.25791383e-01 -7.02137470e-01]
 [-3.63271803e-01 -3.63271803e-01]
 [ 1.47968888e+00 -9.34877899e-04]
 [-3.05162859e+00 -3.05162859e+00]
 [-1.68859351e+00 -7.83157408e-01]
 [-1.70973265e+00 -1.70973265e+00]
 [-7.84499347e-01 -2.36288190e+00]]
sr_list=  [[-1.556139349937439, -1.9905742406845093], [-1.8658206462860107, -0.06626767665147781], [-0.363309770822525, -1.0659312009811401], [-0.9542995095252991, -0.40750646591186523], [0.056173983961343765, -0.9218193888664246], [-0.185708150267601, 0.03471517190337181], [-1.3993110656738281, -0.00821150466799736], [-1.2301865816116333, -0.39107611775398254], [-0.5877532362937927, -0.5875827074050903], [-2.048375129699707, -0.9887338876724243], [1.3575468063354492, 0.6314220428466797], [0.06023760885000229, -4.431119441986084], [-1.365874171257019, -0.0463692732155323], [-0.7352631688117981, -0.21122482419013977], [-1.6498706340789795, -1.377494215965271], [-4.681238651275635, -4.4608154296875], [-2.493680953979492, -2.5728538036346436], [-1.9360239505767822, -2.7307748794555664], [-2.0613009929656982, 1.0429866313934326], [-1.9717572927474976, -0.35778823494911194], [-1.0534757375717163, -0.33157408237457275], [-0.25947296619415283, -0.1033950075507164], [-2.35203218460083, -0.6225956082344055], [0.09960141032934189, -1.1120561361312866], [-0.3432568907737732, -1.1074696779251099], [-0.2971007823944092, 1.976122260093689], [-4.1346940994262695, -6.0671820640563965], [0.39278656244277954, 0.9507666230201721], [0.07468161731958389, 0.2954965829849243], [-0.5380547642707825, -1.5411255359649658], [-0.1903568059206009, 0.008986377157270908], [1.4450715780258179, -0.4131949543952942], [-2.4743268489837646, 0.2905450463294983], [0.08190245926380157, -3.972188949584961], [-0.6222886443138123, -2.0676660537719727], [0.10717971622943878, -2.0749740600585938], [-4.40293025970459, -1.0221248865127563], [-3.9738106727600098, -3.9738106727600098], [-0.09364421665668488, 0.12543709576129913], [-1.4603959321975708, -0.2538624703884125], [-0.5221145749092102, 0.5615278482437134], [-2.5999808311462402, -2.6494088172912598], [0.7189907431602478, -0.11246184259653091], [-3.7564704418182373, -3.7564704418182373], [-0.7482417225837708, -0.07277190685272217], [-0.1635623574256897, -0.8782428503036499], [-1.5591706037521362, 0.39465993642807007], [-1.521526575088501, 1.1707333326339722], [-0.5105041265487671, 0.9407718777656555], [-3.081632614135742, -0.03981989994645119], [-0.2505151629447937, 0.3833276629447937], [-1.2485582828521729, -1.245983600616455], [-0.5786331295967102, -1.609397053718567], [-2.773548126220703, -2.549894332885742], [-2.024387836456299, -2.024387836456299], [-2.2904746532440186, -1.7361027002334595], [0.33583346009254456, -2.1923139095306396], [-2.9161124229431152, 0.30092853307724], [-0.16239911317825317, -2.977689266204834], [0.21977362036705017, 1.7674527168273926], [-1.4834730625152588, -1.2585862874984741], [-0.8302729725837708, -1.9876807928085327], [1.6787675619125366, 0.5653420686721802], [-0.7928522229194641, 0.9885913133621216], [-2.6966941356658936, -1.0785170793533325], [-1.1566733121871948, -2.3592922687530518], [-0.1773723065853119, -1.6191593408584595], [-0.8835124969482422, -0.9455613493919373], [-0.2543697953224182, -2.252553939819336], [-1.0742307901382446, -0.3530544936656952], [-0.16326943039894104, 0.11987847834825516], [-0.4804365336894989, 0.6779422760009766], [-4.773769378662109, -0.5974621176719666], [-0.06120138615369797, 0.442030668258667], [-2.847740650177002, -0.5599689483642578], [-1.9982640743255615, -0.7418834567070007], [-0.6999027132987976, -1.1133426427841187], [-1.7608819007873535, 0.5202189087867737], [-1.2154937982559204, -0.9020270705223083], [-0.698982298374176, -0.49257996678352356], [-1.9260814189910889, -0.7588992714881897], [-0.07713507115840912, 0.549683153629303], [1.193074345588684, -4.587200164794922], [-0.7159641981124878, -0.7664291858673096], [0.21360275149345398, -1.954695463180542], [-0.9004400968551636, 0.25363895297050476], [-0.20273496210575104, -2.098557710647583], [-3.7875356674194336, 1.2019122838974], [-2.351773262023926, -0.31830915808677673], [-2.9361495971679688, -3.3140177726745605], [0.8531250357627869, -1.2750953435897827], [0.6576018929481506, 1.8786048889160156], [0.18941213190555573, -2.362131357192993], [-0.9257913827896118, -0.7021374702453613], [-0.3632718026638031, -0.3632718026638031], [1.4796888828277588, -0.0009348778985440731], [-3.051628589630127, -3.051628589630127], [-1.6885935068130493, -0.7831574082374573], [-1.7097326517105103, -1.7097326517105103], [-0.7844993472099304, -2.362881898880005]]
