sr=  [[-8.61991227e-01 -8.61991227e-01]
 [ 1.30771697e+00  7.92058468e-01]
 [-5.36395848e-01 -5.38176239e-01]
 [ 3.78155768e-01  3.77436429e-01]
 [-3.52671742e-01  8.22247416e-02]
 [ 1.16562831e+00  1.16562831e+00]
 [ 2.47433409e-01  1.72858727e+00]
 [-2.05762625e+00  6.57287836e-02]
 [ 1.80980071e-01  1.83738500e-01]
 [-6.44861042e-01  3.91375162e-02]
 [-3.19114029e-02  1.82133429e-02]
 [-7.13873208e-01 -2.07838252e-01]
 [-9.78331193e-02 -9.78331193e-02]
 [ 4.37810659e-01  1.22454441e+00]
 [-4.53865290e-01 -1.64689764e-03]
 [-7.12708682e-02 -7.12691396e-02]
 [-2.62655437e-01  3.23962746e-03]
 [ 1.13758765e-01 -8.66499662e-01]
 [ 1.30725336e+00  1.32438326e+00]
 [-8.20911646e-01 -8.93697143e-03]
 [-3.93256992e-01  1.97613582e-01]
 [-5.65858297e-02  6.03973353e-03]
 [ 5.16157481e-04  5.25369658e-04]
 [ 7.94784963e-01  7.94296741e-01]
 [ 2.77726978e-01 -7.09453940e-01]
 [ 2.56831080e-01  3.28898191e-01]
 [-1.13874424e+00 -5.35971858e-02]
 [ 8.87801573e-02  3.43201131e-01]
 [ 1.07997251e+00  1.15698564e+00]
 [-4.47428674e-01 -2.36574322e-01]
 [ 4.64584231e-01  3.02998155e-01]
 [ 3.50557089e-01  3.50557089e-01]
 [ 2.00199828e-01 -2.51014214e-02]
 [-8.24112356e-01  1.67571157e-01]
 [ 5.24653554e-01  2.30688006e-01]
 [ 4.50492173e-01  2.68521935e-01]
 [-2.09704176e-01  5.94937848e-03]
 [ 2.47202083e-01  2.47227743e-01]
 [-9.03903916e-02 -9.03903916e-02]
 [-4.44560707e-01  6.11026049e-01]
 [ 5.45320520e-03  7.09190546e-03]
 [-9.99277271e-03  7.23807560e-03]
 [ 6.21399999e-01  5.77805042e-01]
 [-6.33282244e-01 -2.99163431e-01]
 [ 6.38991475e-01  1.13490617e+00]
 [ 1.63191289e-01  1.63190246e-01]
 [ 1.34196448e+00  8.65431666e-01]
 [-6.87013865e-02 -6.21062256e-02]
 [-3.00865144e-01  3.46641332e-01]
 [ 9.85029936e-01  1.69702363e+00]
 [ 2.82396287e-01  1.09779441e+00]
 [ 1.15887654e+00  1.49314022e+00]
 [-1.05012536e+00 -3.23383391e-01]
 [ 1.45761684e-01  2.00002611e-01]
 [-9.40183699e-01  1.13515556e-02]
 [ 1.46072254e-01  1.46072254e-01]
 [-5.71222007e-02 -5.88976741e-02]
 [ 2.33576059e-01  3.12852383e-01]
 [-3.91768813e-01 -3.91768813e-01]
 [-2.97413409e-01 -3.00400525e-01]
 [-3.27279279e-03  1.40685383e-02]
 [-6.37574673e-01  1.94380909e-01]
 [-1.01050436e-01 -4.91686501e-02]
 [-3.36015320e+00 -3.36015320e+00]
 [ 1.61193717e+00  9.32652116e-01]
 [-3.75142172e-02 -2.61632800e-02]
 [-5.72912753e-01 -5.77337146e-01]
 [-8.01301301e-01  1.61262359e-02]
 [ 2.84054726e-01  2.92425573e-01]
 [-4.59757417e-01 -1.71126723e-02]
 [ 1.12795932e-02  1.12795932e-02]
 [-1.39692771e+00  8.46500322e-02]
 [-1.69301018e-01  4.45836224e-02]
 [ 3.58461849e-02  6.46010190e-02]
 [-5.31134307e-02  1.40135467e+00]
 [-9.81683075e-01  8.12343433e-02]
 [ 3.18446875e-01  1.20757699e+00]
 [ 2.86653996e-01  1.16055107e+00]
 [-1.05543768e+00 -6.91294074e-01]
 [ 2.25752503e-01  2.25805461e-01]
 [-6.58393353e-02  2.08480626e-01]
 [ 2.99049437e-01  1.11125636e+00]
 [-4.60015714e-01 -3.03833544e-01]
 [-9.75613534e-01 -2.25797206e-01]
 [-8.72039795e-01  2.13384390e-01]
 [ 4.58108217e-01 -2.11707801e-01]
 [-8.67858350e-01 -8.67858350e-01]
 [-6.25153840e-01 -6.27902821e-02]
 [ 3.33023183e-02  3.05515051e-01]
 [-5.55467248e-01 -2.51402050e-01]
 [-2.39922836e-01  3.27373296e-02]
 [ 1.40044570e+00  1.14557207e+00]
 [ 2.47851714e-01  2.47851714e-01]
 [-2.53493518e-01 -3.78670059e-02]
 [ 2.72842705e-01  1.36028409e+00]
 [ 3.54630947e-01  2.91685253e-01]
 [ 2.45442361e-01  1.13981748e+00]
 [ 2.62210399e-01  2.62210399e-01]
 [-1.61564159e+00 -2.45900657e-02]
 [-4.99912128e-02  2.41669878e-01]]
sr_list=  [[-0.8619912266731262, -0.8619912266731262], [1.307716965675354, 0.7920584678649902], [-0.5363958477973938, -0.5381762385368347], [0.37815576791763306, 0.37743642926216125], [-0.35267174243927, 0.08222474157810211], [1.1656283140182495, 1.1656283140182495], [0.24743340909481049, 1.72858726978302], [-2.057626247406006, 0.06572878360748291], [0.18098007142543793, 0.18373849987983704], [-0.6448610424995422, 0.03913751617074013], [-0.03191140294075012, 0.018213342875242233], [-0.7138732075691223, -0.2078382521867752], [-0.09783311933279037, -0.09783311933279037], [0.43781065940856934, 1.2245444059371948], [-0.45386528968811035, -0.0016468976391479373], [-0.07127086818218231, -0.07126913964748383], [-0.26265543699264526, 0.0032396274618804455], [0.11375876516103745, -0.866499662399292], [1.307253360748291, 1.32438325881958], [-0.8209116458892822, -0.008936971426010132], [-0.3932569921016693, 0.19761358201503754], [-0.056585829704999924, 0.006039733532816172], [0.0005161574808880687, 0.0005253696581348777], [0.7947849631309509, 0.7942967414855957], [0.2777269780635834, -0.7094539403915405], [0.2568310797214508, 0.32889819145202637], [-1.1387442350387573, -0.053597185760736465], [0.08878015726804733, 0.3432011306285858], [1.079972505569458, 1.1569856405258179], [-0.4474286735057831, -0.23657432198524475], [0.46458423137664795, 0.3029981553554535], [0.3505570888519287, 0.3505570888519287], [0.20019982755184174, -0.025101421400904655], [-0.8241123557090759, 0.16757115721702576], [0.5246535539627075, 0.23068800568580627], [0.45049217343330383, 0.2685219347476959], [-0.2097041755914688, 0.005949378479272127], [0.2472020834684372, 0.247227743268013], [-0.0903903916478157, -0.0903903916478157], [-0.444560706615448, 0.6110260486602783], [0.005453205201774836, 0.007091905456036329], [-0.009992772713303566, 0.007238075602799654], [0.621399998664856, 0.5778050422668457], [-0.6332822442054749, -0.29916343092918396], [0.6389914751052856, 1.1349061727523804], [0.1631912887096405, 0.16319024562835693], [1.3419644832611084, 0.8654316663742065], [-0.06870138645172119, -0.06210622563958168], [-0.30086514353752136, 0.34664133191108704], [0.985029935836792, 1.697023630142212], [0.2823962867259979, 1.0977944135665894], [1.1588765382766724, 1.4931402206420898], [-1.0501253604888916, -0.3233833909034729], [0.14576168358325958, 0.20000261068344116], [-0.940183699131012, 0.011351555585861206], [0.14607225358486176, 0.14607225358486176], [-0.05712220072746277, -0.05889767408370972], [0.23357605934143066, 0.3128523826599121], [-0.39176881313323975, -0.39176881313323975], [-0.2974134087562561, -0.3004005253314972], [-0.0032727927900850773, 0.014068538323044777], [-0.6375746726989746, 0.19438090920448303], [-0.10105043649673462, -0.049168650060892105], [-3.3601531982421875, -3.3601531982421875], [1.611937165260315, 0.9326521158218384], [-0.03751421719789505, -0.02616328001022339], [-0.5729127526283264, -0.5773371458053589], [-0.8013013005256653, 0.0161262359470129], [0.2840547263622284, 0.29242557287216187], [-0.45975741744041443, -0.017112672328948975], [0.011279593221843243, 0.011279593221843243], [-1.3969277143478394, 0.08465003222227097], [-0.16930101811885834, 0.04458362236618996], [0.03584618493914604, 0.06460101902484894], [-0.0531134307384491, 1.4013546705245972], [-0.981683075428009, 0.08123434334993362], [0.3184468746185303, 1.2075769901275635], [0.286653995513916, 1.1605510711669922], [-1.055437684059143, -0.6912940740585327], [0.22575250267982483, 0.22580546140670776], [-0.06583933532238007, 0.2084806263446808], [0.299049437046051, 1.1112563610076904], [-0.4600157141685486, -0.303833544254303], [-0.975613534450531, -0.22579720616340637], [-0.872039794921875, 0.21338438987731934], [0.45810821652412415, -0.21170780062675476], [-0.867858350276947, -0.867858350276947], [-0.6251538395881653, -0.06279028207063675], [0.033302318304777145, 0.3055150508880615], [-0.5554672479629517, -0.2514020502567291], [-0.23992283642292023, 0.032737329602241516], [1.4004456996917725, 1.1455720663070679], [0.24785171449184418, 0.24785171449184418], [-0.2534935176372528, -0.03786700591444969], [0.2728427052497864, 1.3602840900421143], [0.3546309471130371, 0.2916852533817291], [0.24544236063957214, 1.139817476272583], [0.2622103989124298, 0.2622103989124298], [-1.6156415939331055, -0.024590065702795982], [-0.04999121278524399, 0.24166987836360931]]
