11_ad_hyp:  [[-1.3303622 ]
 [-0.3876099 ]
 [-1.5452303 ]
 [-1.8834049 ]
 [-1.0107143 ]
 [-0.8582707 ]
 [-0.5336087 ]
 [-2.162726  ]
 [-3.0128133 ]
 [ 0.48541313]
 [-1.4369293 ]
 [-1.9102507 ]
 [-3.8461018 ]
 [-4.1805277 ]
 [ 0.9109535 ]
 [-1.0100708 ]
 [-1.2659024 ]
 [-1.2024851 ]
 [-3.8017905 ]
 [-1.6649604 ]
 [-2.875483  ]
 [-1.196343  ]
 [-0.8587115 ]
 [-2.6369534 ]
 [-6.0941024 ]
 [-2.802258  ]
 [-1.7502787 ]
 [ 0.30756935]
 [-1.1068105 ]
 [-1.5007962 ]
 [-0.97352535]
 [ 1.2064241 ]
 [-1.0190781 ]
 [-0.77551687]
 [-1.3119668 ]
 [-0.26694986]
 [-3.991613  ]
 [-2.8397126 ]
 [ 0.37797213]
 [-2.7104714 ]
 [-0.6426808 ]
 [-0.77534133]
 [-2.6733325 ]
 [-1.1386068 ]
 [-1.4981968 ]
 [ 0.11226091]
 [-0.22433805]
 [-0.32171944]
 [-2.9728158 ]
 [-3.933002  ]
 [-3.3606813 ]
 [-1.9981154 ]
 [-1.9145646 ]
 [-0.12825717]
 [-1.559267  ]
 [ 0.4020363 ]
 [-0.9336706 ]
 [-1.8355458 ]
 [ 0.5098114 ]
 [-1.3116497 ]
 [-0.831756  ]
 [-4.2081695 ]
 [-2.0357695 ]
 [-0.73771393]
 [-0.48052993]
 [ 0.17506313]
 [-4.08775   ]
 [ 1.3462428 ]
 [-2.1299143 ]
 [-1.7573222 ]
 [-1.3725255 ]
 [ 0.5557692 ]
 [-1.9486814 ]
 [-2.7797623 ]
 [-3.4656155 ]
 [-3.8815875 ]
 [-3.3012123 ]
 [-2.2433374 ]
 [-3.984924  ]
 [-2.403539  ]
 [-1.6620276 ]
 [-1.2476282 ]
 [ 0.70056343]
 [ 0.02559426]
 [-2.010968  ]
 [-1.9807734 ]
 [-0.54442114]
 [-3.3212075 ]
 [-1.9930742 ]
 [-2.8872292 ]
 [-1.9889274 ]
 [-0.6063874 ]
 [-3.645447  ]
 [-0.90102154]
 [-2.2009826 ]
 [-1.2063124 ]
 [-2.9370475 ]
 [-1.061515  ]
 [-0.8632531 ]
 [-4.2804165 ]]
