main=  [[-2.4139160e-01  3.2762431e-02]
 [-1.7674009e+00 -1.7052262e+00]
 [-2.8861287e+00 -1.2641827e+00]
 [-3.8728369e-03 -3.3329954e+00]
 [-2.3080785e+00 -3.4702902e+00]
 [-2.7509584e+00 -4.8381934e+00]
 [ 3.4485501e-01 -5.3571880e-01]
 [-2.4931509e+00 -5.8665180e-01]
 [-2.2947617e+00 -6.7682898e-01]
 [ 3.8342899e-01  1.8465731e-01]
 [-1.2005055e-01 -9.3577869e-02]
 [-1.2300695e+00  1.5109098e-01]
 [-1.9677573e+00 -3.8111787e+00]
 [-1.3774631e+00  9.5286417e-01]
 [-1.5549566e+00 -5.4540116e-01]
 [-3.0688798e+00 -4.0481205e+00]
 [ 8.6190420e-01  1.1583344e+00]
 [-6.8450505e-01 -2.7792826e+00]
 [-3.0139658e+00 -1.0306116e+00]
 [-2.4436610e+00 -2.4272897e+00]
 [-1.5288174e-01 -2.3177538e+00]
 [ 3.2422912e-01 -1.7500122e+00]
 [-4.7971239e+00 -2.3438063e+00]
 [-1.2753057e+00 -1.3235511e+00]
 [-9.5527041e-01  2.8404284e-02]
 [-8.4381604e-01 -8.8742816e-01]
 [-4.8945520e-02 -2.5643854e+00]
 [-3.8164613e-01 -1.7340020e+00]
 [-3.4377913e+00 -3.9328662e-01]
 [-2.6630774e+00 -2.0512104e+00]
 [-2.6566677e+00 -1.0607138e+00]
 [-2.2845830e-01 -1.8435364e+00]
 [ 1.4014426e-01 -1.9959968e+00]
 [-1.9555107e+00 -1.7508447e+00]
 [-7.4205630e-02 -1.8390645e+00]
 [-6.8792212e-01 -1.5821066e+00]
 [ 1.1223841e+00  1.6630411e+00]
 [ 4.9446106e-01 -2.6835279e+00]
 [ 8.0012763e-01 -4.2220926e-01]
 [-3.3829715e+00  1.9658838e-01]
 [ 2.8797185e-01 -3.0311903e-01]
 [ 2.1891247e-01  9.6719772e-02]
 [-5.7139063e-01 -7.5076109e-01]
 [ 3.0138716e-01  1.4004917e+00]
 [-4.4655767e-01 -1.1919570e+00]
 [-8.3799744e-01 -2.5378721e+00]
 [ 2.5950533e-01 -1.9033149e+00]
 [ 3.9731732e-01 -1.4456896e+00]
 [ 1.3359155e-01 -9.7545296e-01]
 [-5.9937005e+00 -3.2795012e+00]
 [ 4.7524741e-01 -2.4814024e+00]
 [-1.0671059e+00 -3.0270071e+00]
 [-1.6642830e+00 -1.3294499e+00]
 [-2.4454217e+00 -1.9849340e+00]
 [-2.3367379e+00 -4.3206573e+00]
 [-9.6599537e-01 -6.7984343e-01]
 [-2.3734391e+00 -2.0956312e-01]
 [-2.3113558e+00  3.9309365e-01]
 [ 7.2213441e-01 -1.0654073e+00]
 [-2.2568044e-01 -1.4268337e+00]
 [-5.7399258e-02 -5.7453759e-02]
 [ 4.3572164e-01  6.5398163e-01]
 [ 1.6501150e-01 -5.7119188e+00]
 [ 4.2937282e-01 -6.7603774e-03]
 [-1.3363240e+00 -1.3794423e+00]
 [ 3.4585750e-01 -1.3001810e+00]
 [ 8.6964625e-01 -3.8389647e+00]
 [-2.7849197e-01 -1.8563365e+00]
 [-2.2090685e+00 -2.8939626e+00]
 [-2.0048115e+00 -1.8495173e+00]
 [-3.2455509e+00 -6.4725620e-01]
 [-3.3561435e-02 -1.3617592e-01]
 [-1.4920678e+00 -8.9564294e-01]
 [-6.1299479e-01 -4.7838199e-01]
 [-5.2841252e-01 -3.1052768e+00]
 [-1.5714217e+00 -1.9097879e+00]
 [-1.6905781e+00 -5.1030487e-01]
 [-7.8175086e-01 -2.1083355e+00]
 [-4.6519227e+00 -4.1727290e+00]
 [-9.7084618e-01 -1.1037918e+00]
 [ 6.5704757e-01  5.6173742e-01]
 [-4.0081677e+00 -1.9355761e+00]
 [-1.4082278e+00 -2.7260416e+00]
 [ 7.9345459e-01 -1.9909694e+00]
 [-7.9924804e-01 -4.2731304e+00]
 [-1.8808190e+00 -1.8719790e+00]
 [-9.2782193e-01 -9.2782193e-01]
 [-8.0756474e-01 -2.9505689e+00]
 [ 4.4621432e-01  1.6888386e+00]
 [-4.7757168e+00  4.9817097e-01]
 [-9.2568946e-01 -4.1422901e+00]
 [-2.6728249e-01  4.1110687e-02]
 [-2.7976034e+00 -3.3882570e+00]
 [ 7.2435838e-01 -4.1614166e-01]
 [-3.4129214e+00 -2.2581933e+00]
 [-1.9190363e+00 -3.6252379e-02]
 [-3.4821689e-01 -6.4946818e-01]
 [ 6.2486535e-01 -1.2828081e+00]
 [-2.0591414e+00 -9.3881410e-01]
 [-1.0633838e+00 -2.9086680e+00]]
main_list=  [[-0.2413915991783142, 0.03276243060827255], [-1.767400860786438, -1.705226182937622], [-2.8861286640167236, -1.264182686805725], [-0.0038728369399905205, -3.3329954147338867], [-2.3080785274505615, -3.470290184020996], [-2.7509584426879883, -4.838193416595459], [0.34485501050949097, -0.5357187986373901], [-2.4931509494781494, -0.5866518020629883], [-2.2947616577148438, -0.6768289804458618], [0.38342899084091187, 0.18465730547904968], [-0.12005054950714111, -0.09357786923646927], [-1.2300695180892944, 0.15109097957611084], [-1.9677573442459106, -3.811178684234619], [-1.3774631023406982, 0.9528641700744629], [-1.5549565553665161, -0.5454011559486389], [-3.0688798427581787, -4.048120498657227], [0.8619042038917542, 1.1583343744277954], [-0.684505045413971, -2.779282569885254], [-3.0139658451080322, -1.0306116342544556], [-2.4436609745025635, -2.4272897243499756], [-0.15288174152374268, -2.317753791809082], [0.3242291212081909, -1.7500121593475342], [-4.797123908996582, -2.343806266784668], [-1.2753057479858398, -1.323551058769226], [-0.9552704095840454, 0.02840428426861763], [-0.8438160419464111, -0.8874281644821167], [-0.04894552007317543, -2.564385414123535], [-0.38164612650871277, -1.7340019941329956], [-3.437791347503662, -0.3932866156101227], [-2.6630773544311523, -2.051210403442383], [-2.656667709350586, -1.060713768005371], [-0.22845830023288727, -1.843536376953125], [0.1401442587375641, -1.9959968328475952], [-1.9555107355117798, -1.7508447170257568], [-0.07420562952756882, -1.8390644788742065], [-0.6879221200942993, -1.582106590270996], [1.1223840713500977, 1.663041114807129], [0.4944610595703125, -2.683527946472168], [0.8001276254653931, -0.4222092628479004], [-3.3829715251922607, 0.19658838212490082], [0.2879718542098999, -0.303119033575058], [0.21891246736049652, 0.09671977162361145], [-0.5713906288146973, -0.750761091709137], [0.30138716101646423, 1.400491714477539], [-0.4465576708316803, -1.1919569969177246], [-0.8379974365234375, -2.537872076034546], [0.25950533151626587, -1.9033149480819702], [0.3973173201084137, -1.4456895589828491], [0.13359154760837555, -0.9754529595375061], [-5.9937005043029785, -3.27950119972229], [0.47524741291999817, -2.4814023971557617], [-1.0671058893203735, -3.0270071029663086], [-1.664283037185669, -1.3294498920440674], [-2.4454216957092285, -1.9849339723587036], [-2.336737871170044, -4.320657253265381], [-0.9659953713417053, -0.6798434257507324], [-2.373439073562622, -0.20956312119960785], [-2.3113558292388916, 0.39309364557266235], [0.7221344113349915, -1.0654072761535645], [-0.22568044066429138, -1.4268337488174438], [-0.05739925801753998, -0.057453759014606476], [0.43572163581848145, 0.653981626033783], [0.16501149535179138, -5.711918830871582], [0.4293728172779083, -0.006760377436876297], [-1.3363239765167236, -1.3794423341751099], [0.34585750102996826, -1.3001810312271118], [0.8696462512016296, -3.8389647006988525], [-0.2784919738769531, -1.8563364744186401], [-2.209068536758423, -2.8939626216888428], [-2.0048115253448486, -1.8495173454284668], [-3.2455508708953857, -0.6472561955451965], [-0.03356143459677696, -0.13617591559886932], [-1.492067813873291, -0.8956429362297058], [-0.6129947900772095, -0.4783819913864136], [-0.5284125208854675, -3.1052768230438232], [-1.57142174243927, -1.909787893295288], [-1.6905781030654907, -0.510304868221283], [-0.7817508578300476, -2.108335494995117], [-4.651922702789307, -4.172729015350342], [-0.9708461761474609, -1.1037918329238892], [0.6570475697517395, 0.5617374181747437], [-4.008167743682861, -1.93557608127594], [-1.408227801322937, -2.726041555404663], [0.7934545874595642, -1.9909694194793701], [-0.7992480397224426, -4.273130416870117], [-1.8808189630508423, -1.871978998184204], [-0.927821934223175, -0.927821934223175], [-0.8075647354125977, -2.950568914413452], [0.44621431827545166, 1.6888386011123657], [-4.775716781616211, 0.49817097187042236], [-0.9256894588470459, -4.142290115356445], [-0.26728248596191406, 0.04111068695783615], [-2.7976033687591553, -3.3882570266723633], [0.7243583798408508, -0.41614165902137756], [-3.41292142868042, -2.258193254470825], [-1.9190362691879272, -0.036252379417419434], [-0.3482168912887573, -0.649468183517456], [0.6248653531074524, -1.2828080654144287], [-2.0591413974761963, -0.938814103603363], [-1.0633838176727295, -2.908668041229248]]
