jr_physician=  [[-1.10674404e-01 -1.37716460e+00]
 [-1.39911771e+00  1.71996579e-01]
 [-2.80104399e+00 -2.72692037e+00]
 [-1.82577372e+00 -9.70907629e-01]
 [-4.87367064e-01 -7.66910851e-01]
 [-2.56610942e+00 -2.90470791e+00]
 [-2.06982374e+00 -4.08551788e+00]
 [-2.32802820e+00 -1.92989528e+00]
 [-4.17249632e+00 -1.13809085e+00]
 [-1.85485512e-01  7.74367571e-01]
 [-5.68902791e-01 -6.08858824e-01]
 [-2.09054971e+00 -1.06437385e+00]
 [-8.89155507e-01 -2.20206046e+00]
 [-3.08819318e+00 -3.40517783e+00]
 [-1.06503499e+00 -2.46882129e+00]
 [ 2.49788776e-01  2.46352240e-01]
 [-4.23989916e+00 -4.46119100e-01]
 [-2.91726995e+00 -4.43019295e+00]
 [-6.12573624e-01 -9.43854570e-01]
 [-2.00657725e+00 -4.30184317e+00]
 [-3.48598695e+00 -3.77367783e+00]
 [-1.76319194e+00 -2.81716061e+00]
 [-3.47238612e+00  1.37372434e-01]
 [-5.54518640e-01 -1.90018103e-01]
 [-1.11996341e+00 -2.80179119e+00]
 [-2.95924568e+00 -6.43670082e-01]
 [-3.29668236e+00 -3.44883084e+00]
 [-2.83185911e+00 -1.62570143e+00]
 [-1.55522776e+00 -2.43972754e+00]
 [-1.90354466e+00 -4.26751375e+00]
 [-2.93899393e+00 -5.25496578e+00]
 [-1.49528456e+00 -3.92413497e+00]
 [-1.19224869e-01 -3.66072488e+00]
 [-1.58430624e+00 -1.09650993e+00]
 [ 2.26886030e-02 -2.34691644e+00]
 [-2.85681391e+00 -4.12293291e+00]
 [-1.94952047e+00 -1.19785738e+00]
 [ 1.64615754e-02  1.23545425e-02]
 [-2.02131414e+00 -4.33257532e+00]
 [-3.58931154e-01 -3.56509542e+00]
 [-1.71511143e-01 -3.98980528e-01]
 [-1.46961856e+00 -2.89653826e+00]
 [-1.24900138e+00 -1.06742251e+00]
 [-2.34509110e+00 -4.35201740e+00]
 [-3.64055371e+00 -2.58722472e+00]
 [-2.71402717e+00 -1.61940503e+00]
 [-7.14127421e-01 -3.90596342e+00]
 [-1.55915248e+00 -1.99030805e+00]
 [-3.17346662e-01 -1.26460373e+00]
 [-5.63039720e-01 -3.25057459e+00]
 [-6.07006907e-01 -4.32657814e+00]
 [-1.84888756e+00 -3.46888995e+00]
 [-3.53645229e+00 -2.69319963e+00]
 [-1.73684621e+00 -1.73719251e+00]
 [-2.28294969e+00 -7.34206378e-01]
 [-2.44911838e+00 -2.53992462e+00]
 [-5.43150306e-01 -8.87172639e-01]
 [-1.07437861e+00 -1.21419549e+00]
 [-3.18956208e+00 -1.81206357e+00]
 [-3.71766472e+00 -7.78502047e-01]
 [-1.52481639e+00 -1.68276227e+00]
 [-6.31182313e-01  1.01297832e+00]
 [-3.12486696e+00 -2.21840644e+00]
 [-4.39969254e+00 -3.11264896e+00]
 [-3.54733682e+00 -3.24878263e+00]
 [-5.63865542e-01  5.87078836e-03]
 [-1.54289067e+00 -4.47171259e+00]
 [-1.92443979e+00 -1.29874599e+00]
 [-3.97093749e+00 -3.85340524e+00]
 [ 4.24760915e-02 -1.24572897e+00]
 [ 3.18438679e-01 -7.70153031e-02]
 [-9.01321173e-01 -8.78457665e-01]
 [ 2.15457216e-01 -2.88207197e+00]
 [ 2.64932305e-01 -2.83516741e+00]
 [-3.46989751e+00 -1.08752978e+00]
 [-5.80999553e-01 -6.22301435e+00]
 [-6.08773804e+00 -5.60647345e+00]
 [-1.06011176e+00 -3.61240387e+00]
 [-2.19841957e+00 -2.51143765e+00]
 [-1.46929336e+00 -3.40314269e+00]
 [-5.06987385e-02 -1.35638309e+00]
 [-2.10255122e+00 -1.47084367e+00]
 [-1.95604265e+00  7.14235306e-01]
 [-3.81795216e+00 -6.53302479e+00]
 [-1.57237148e+00 -7.10150480e-01]
 [-2.64684892e+00 -3.54092741e+00]
 [-3.07070923e+00 -2.28990149e+00]
 [-5.60323000e-01  2.38546461e-01]
 [-4.82645798e+00 -2.73090172e+00]
 [-4.16038513e-01 -4.05910492e-01]
 [-2.31933427e+00 -1.04974616e+00]
 [-1.54628420e+00 -2.23983741e+00]
 [-4.12057304e+00 -1.87140405e+00]
 [-3.24731112e+00 -9.79734957e-01]
 [-1.35171151e+00 -1.20724809e+00]
 [-3.57692575e+00 -4.37562084e+00]
 [-2.27025199e+00 -2.04283023e+00]
 [-1.62871373e+00 -1.01586449e+00]
 [ 4.89704609e-02 -3.12494111e+00]
 [-2.18782008e-01 -1.14835429e+00]]
jr_list=  [[-0.1106744036078453, -1.377164602279663], [-1.3991177082061768, 0.1719965785741806], [-2.80104398727417, -2.7269203662872314], [-1.8257737159729004, -0.9709076285362244], [-0.48736706376075745, -0.7669108510017395], [-2.5661094188690186, -2.904707908630371], [-2.069823741912842, -4.085517883300781], [-2.3280282020568848, -1.929895281791687], [-4.172496318817139, -1.1380908489227295], [-0.18548551201820374, 0.7743675708770752], [-0.5689027905464172, -0.6088588237762451], [-2.0905497074127197, -1.0643738508224487], [-0.8891555070877075, -2.2020604610443115], [-3.08819317817688, -3.4051778316497803], [-1.0650349855422974, -2.4688212871551514], [0.2497887760400772, 0.24635224044322968], [-4.239899158477783, -0.446119099855423], [-2.9172699451446533, -4.430192947387695], [-0.6125736236572266, -0.943854570388794], [-2.006577253341675, -4.301843166351318], [-3.4859869480133057, -3.7736778259277344], [-1.7631919384002686, -2.8171606063842773], [-3.472386121749878, 0.1373724341392517], [-0.5545186400413513, -0.19001810252666473], [-1.1199634075164795, -2.801791191101074], [-2.9592456817626953, -0.6436700820922852], [-3.296682357788086, -3.4488308429718018], [-2.8318591117858887, -1.6257014274597168], [-1.5552277565002441, -2.439727544784546], [-1.9035446643829346, -4.267513751983643], [-2.9389939308166504, -5.254965782165527], [-1.4952845573425293, -3.9241349697113037], [-0.11922486871480942, -3.6607248783111572], [-1.584306240081787, -1.0965099334716797], [0.022688603028655052, -2.346916437149048], [-2.856813907623291, -4.1229329109191895], [-1.949520468711853, -1.19785737991333], [0.016461575403809547, 0.012354542501270771], [-2.0213141441345215, -4.33257532119751], [-0.35893115401268005, -3.5650954246520996], [-0.17151114344596863, -0.3989805281162262], [-1.469618558883667, -2.896538257598877], [-1.249001383781433, -1.0674225091934204], [-2.3450911045074463, -4.352017402648926], [-3.6405537128448486, -2.5872247219085693], [-2.714027166366577, -1.6194050312042236], [-0.7141274213790894, -3.90596342086792], [-1.5591524839401245, -1.9903080463409424], [-0.3173466622829437, -1.2646037340164185], [-0.5630397200584412, -3.2505745887756348], [-0.6070069074630737, -4.326578140258789], [-1.84888756275177, -3.4688899517059326], [-3.536452293395996, -2.693199634552002], [-1.7368462085723877, -1.7371925115585327], [-2.282949686050415, -0.7342063784599304], [-2.4491183757781982, -2.5399246215820312], [-0.5431503057479858, -0.8871726393699646], [-1.0743786096572876, -1.2141954898834229], [-3.1895620822906494, -1.8120635747909546], [-3.7176647186279297, -0.7785020470619202], [-1.5248163938522339, -1.6827622652053833], [-0.6311823129653931, 1.0129783153533936], [-3.1248669624328613, -2.2184064388275146], [-4.399692535400391, -3.1126489639282227], [-3.5473368167877197, -3.2487826347351074], [-0.5638655424118042, 0.005870788358151913], [-1.5428906679153442, -4.471712589263916], [-1.924439787864685, -1.2987459897994995], [-3.970937490463257, -3.853405237197876], [0.04247609153389931, -1.2457289695739746], [0.31843867897987366, -0.07701530307531357], [-0.9013211727142334, -0.8784576654434204], [0.21545721590518951, -2.8820719718933105], [0.2649323046207428, -2.835167407989502], [-3.469897508621216, -1.0875297784805298], [-0.5809995532035828, -6.2230143547058105], [-6.087738037109375, -5.606473445892334], [-1.0601117610931396, -3.6124038696289062], [-2.1984195709228516, -2.5114376544952393], [-1.4692933559417725, -3.4031426906585693], [-0.05069873854517937, -1.3563830852508545], [-2.102551221847534, -1.4708436727523804], [-1.9560426473617554, 0.7142353057861328], [-3.8179521560668945, -6.533024787902832], [-1.572371482849121, -0.7101504802703857], [-2.6468489170074463, -3.5409274101257324], [-3.070709228515625, -2.2899014949798584], [-0.5603229999542236, 0.2385464608669281], [-4.826457977294922, -2.7309017181396484], [-0.41603851318359375, -0.4059104919433594], [-2.3193342685699463, -1.0497461557388306], [-1.5462841987609863, -2.239837408065796], [-4.120573043823242, -1.8714040517807007], [-3.2473111152648926, -0.9797349572181702], [-1.3517115116119385, -1.2072480916976929], [-3.576925754547119, -4.3756208419799805], [-2.270251989364624, -2.042830228805542], [-1.6287137269973755, -1.0158644914627075], [0.04897046089172363, -3.124941110610962], [-0.21878200769424438, -1.1483542919158936]]
