dep_ad_6 =  [[ 0.3397488 ]
 [-6.182128  ]
 [-2.6109889 ]
 [-2.5829592 ]
 [-1.033362  ]
 [-3.050375  ]
 [-0.7875966 ]
 [-0.5950744 ]
 [-0.39100784]
 [-1.9569271 ]
 [-0.70979524]
 [-3.7272725 ]
 [-1.9902912 ]
 [-3.3369398 ]
 [-2.253963  ]
 [ 0.02786294]
 [-2.7981768 ]
 [-0.8753541 ]
 [ 0.70363784]
 [-1.3100684 ]
 [-0.6046724 ]
 [ 1.4784343 ]
 [-0.93942064]
 [ 1.0404972 ]
 [-6.530124  ]
 [-0.6716486 ]
 [ 0.36578766]
 [ 0.27929026]
 [-0.84329766]
 [-1.683871  ]
 [ 0.39861476]
 [ 0.12859401]
 [-0.4600977 ]
 [-1.0405974 ]
 [-1.9248775 ]
 [ 0.15660389]
 [ 0.53004074]
 [-3.6520119 ]
 [ 0.6518822 ]
 [-1.3203028 ]
 [-1.9569259 ]
 [-0.98439014]
 [ 0.5866548 ]
 [-0.40156528]
 [-0.39172035]
 [ 0.34279835]
 [-3.963763  ]
 [ 1.7069796 ]
 [-0.05377274]
 [ 0.20007671]
 [-4.6278877 ]
 [ 0.28723565]
 [-0.47016105]
 [-0.13696007]
 [-2.3982604 ]
 [-0.03026873]
 [-1.1243658 ]
 [-0.6353848 ]
 [-0.26162493]
 [-0.6401419 ]
 [ 1.3319451 ]
 [-0.8466409 ]
 [-0.68166554]
 [ 0.8023891 ]
 [ 0.22485404]
 [-1.6829535 ]
 [ 1.605563  ]
 [-0.2619983 ]
 [ 0.22109857]
 [-0.5094976 ]
 [-0.8589231 ]
 [ 1.8771286 ]
 [-1.194045  ]
 [-1.68305   ]
 [-0.6809345 ]
 [-0.7698768 ]
 [-0.05977101]
 [-1.799577  ]
 [-0.26304343]
 [-2.401426  ]
 [-0.69815916]
 [-2.8420043 ]
 [-3.7486377 ]
 [-1.8262649 ]
 [-0.5231309 ]
 [-0.6010335 ]
 [-0.57270694]
 [-0.15428193]
 [-0.46923572]
 [ 0.2668033 ]
 [-0.8216184 ]
 [-3.0976593 ]
 [ 0.60603094]
 [-1.6606001 ]
 [-0.80263776]
 [-1.4099039 ]
 [-0.71217465]
 [ 0.15501687]
 [-2.7341068 ]
 [-0.7166905 ]]
