sr=  [[ 2.48918250e-01  2.48918250e-01]
 [-7.74242818e-01 -9.41854119e-01]
 [-7.34575510e-01  8.45721960e-02]
 [-8.95278826e-02 -1.71270445e-01]
 [-3.69227648e-01 -3.28851670e-01]
 [-5.41086793e-01 -5.41086793e-01]
 [-1.04906905e+00  5.94367608e-02]
 [-2.32552266e+00 -2.28455997e+00]
 [-3.04028928e-01  3.82207036e-02]
 [-5.87877870e-01 -6.14395328e-02]
 [ 3.74444216e-01  3.85869950e-01]
 [ 2.06559807e-01  2.06541017e-01]
 [-1.70018482e+00 -3.64207923e-01]
 [-7.67003834e-01 -6.35006666e-01]
 [-4.93469127e-02 -4.93543819e-02]
 [ 2.24274602e-02  7.20656514e-01]
 [-7.98875153e-01 -7.74877965e-01]
 [ 4.53350097e-01  9.38276500e-02]
 [ 2.43112341e-01 -5.46036661e-01]
 [-5.68875015e-01 -3.80846828e-01]
 [ 4.59404826e-01 -1.18160164e+00]
 [ 1.02567482e+00  1.18772340e+00]
 [-9.14538085e-01 -1.71540361e-02]
 [ 3.73157635e-02 -2.18169913e-02]
 [ 4.61160213e-01  1.09762180e+00]
 [-5.95951498e-01 -6.19229721e-03]
 [ 1.42851155e-02 -1.03417075e+00]
 [-6.27640486e-01 -1.11466348e+00]
 [ 3.12563717e-01  9.32510495e-01]
 [-4.93836313e-01  2.59630412e-01]
 [-7.01980516e-02 -1.18499234e-01]
 [ 5.05810499e-01 -4.82973754e-02]
 [-1.37402964e+00  1.26659855e-01]
 [-2.68432570e+00 -2.68432570e+00]
 [-4.13785648e+00 -2.60341287e+00]
 [ 9.99335885e-01 -1.16523631e-01]
 [-1.08052230e+00  2.16362346e-02]
 [-7.93501288e-02  1.76819399e-01]
 [-2.58084953e-01 -2.62465775e-01]
 [ 6.28383607e-02  1.35538924e+00]
 [-2.57793367e-01 -2.57793367e-01]
 [-5.49755752e-01 -5.29654264e-01]
 [-1.34360015e+00  1.51444361e-01]
 [ 2.58285224e-01  2.58285224e-01]
 [-9.34644520e-01 -1.60682249e+00]
 [-3.58948976e-01 -3.09980035e-01]
 [ 1.78357077e+00  1.68038166e+00]
 [-4.81444776e-01 -9.59834531e-02]
 [-4.37331140e-01  3.57882291e-01]
 [-3.15052837e-01 -3.29632461e-01]
 [-4.98974929e-03 -4.59893234e-03]
 [-6.54331893e-02 -2.76547410e-02]
 [ 1.85441915e-02 -7.53250846e-04]
 [-5.58433592e-01 -5.58433592e-01]
 [-1.35704696e-01  8.27502534e-02]
 [-2.08596897e+00 -9.76641536e-01]
 [-3.92894298e-01 -3.92931968e-01]
 [ 7.09680080e-01 -3.06342930e-01]
 [-1.52772462e+00 -1.17278528e+00]
 [-3.14754099e-01 -4.01193351e-01]
 [ 1.28533268e+00 -2.43460480e-02]
 [-1.02433097e+00  2.47750595e-01]
 [ 6.81463003e-01  1.82817400e+00]
 [-3.01771700e-01  1.55638397e+00]
 [ 9.67788137e-03 -2.02127192e-02]
 [-1.12464058e+00 -7.84665167e-01]
 [-6.09882176e-01 -2.00537205e-01]
 [-9.04500544e-01 -3.07170540e-01]
 [ 3.55937034e-01  3.56333315e-01]
 [-1.35150835e-01  2.72037029e-01]
 [ 1.41094282e-01  1.78350598e-01]
 [ 2.31112793e-01  2.96109200e-01]
 [ 8.71034145e-01  8.71014357e-01]
 [-5.02916351e-02 -5.02916351e-02]
 [ 2.21844479e-01  9.14257299e-03]
 [ 1.14692640e+00  1.91514567e-02]
 [ 6.81902707e-01 -1.40221172e-03]
 [-1.53406397e-01 -2.40290631e-02]
 [ 6.52227938e-01  6.52227938e-01]
 [ 4.98844199e-02 -3.00177604e-01]
 [ 1.55379875e-02  1.55379875e-02]
 [ 7.47448877e-02 -8.18769727e-03]
 [-9.21254992e-01 -9.21254992e-01]
 [ 3.46142173e-01 -2.81918716e+00]
 [ 1.08627951e+00  1.08627951e+00]
 [ 2.25949526e-01  5.87509796e-02]
 [ 1.07026851e+00  1.07026851e+00]
 [ 1.73389658e-01 -1.12248950e-01]
 [ 2.45581716e-02  2.45581716e-02]
 [-3.27118099e-01 -3.27118099e-01]
 [ 1.68936208e-01 -2.09841418e+00]
 [ 2.72740871e-01  4.72175442e-02]
 [-3.34683448e-01 -1.36662032e-02]
 [-7.79830039e-01 -4.47935611e-01]
 [-2.29740664e-01 -1.83454566e-02]
 [ 2.90414244e-01 -2.54374146e+00]
 [ 6.96164295e-02  6.96164295e-02]
 [-8.45674515e-01 -2.79422879e-01]
 [ 1.03502715e+00  1.94633186e+00]
 [-2.26083326e+00 -2.56554818e+00]]
sr_list=  [[0.24891825020313263, 0.24891825020313263], [-0.7742428183555603, -0.9418541193008423], [-0.7345755100250244, 0.0845721960067749], [-0.08952788263559341, -0.1712704449892044], [-0.36922764778137207, -0.3288516700267792], [-0.5410867929458618, -0.5410867929458618], [-1.0490690469741821, 0.05943676084280014], [-2.3255226612091064, -2.284559965133667], [-0.3040289282798767, 0.03822070360183716], [-0.5878778696060181, -0.06143953278660774], [0.37444421648979187, 0.38586995005607605], [0.20655980706214905, 0.2065410166978836], [-1.7001848220825195, -0.364207923412323], [-0.7670038342475891, -0.6350066661834717], [-0.049346912652254105, -0.04935438185930252], [0.022427460178732872, 0.7206565141677856], [-0.7988751530647278, -0.7748779654502869], [0.45335009694099426, 0.09382764995098114], [0.24311234056949615, -0.5460366606712341], [-0.5688750147819519, -0.3808468282222748], [0.4594048261642456, -1.181601643562317], [1.025674819946289, 1.1877233982086182], [-0.9145380854606628, -0.017154036089777946], [0.03731576353311539, -0.02181699126958847], [0.46116021275520325, 1.0976217985153198], [-0.595951497554779, -0.006192297209054232], [0.014285115525126457, -1.0341707468032837], [-0.6276404857635498, -1.1146634817123413], [0.3125637173652649, 0.932510495185852], [-0.49383631348609924, 0.259630411863327], [-0.07019805163145065, -0.11849923431873322], [0.5058104991912842, -0.048297375440597534], [-1.3740296363830566, 0.12665985524654388], [-2.684325695037842, -2.684325695037842], [-4.137856483459473, -2.6034128665924072], [0.9993358850479126, -0.1165236309170723], [-1.0805222988128662, 0.02163623459637165], [-0.07935012876987457, 0.17681939899921417], [-0.2580849528312683, -0.26246577501296997], [0.0628383606672287, 1.3553892374038696], [-0.2577933669090271, -0.2577933669090271], [-0.5497557520866394, -0.5296542644500732], [-1.3436001539230347, 0.15144436061382294], [0.2582852244377136, 0.2582852244377136], [-0.9346445202827454, -1.6068224906921387], [-0.3589489758014679, -0.30998003482818604], [1.7835707664489746, 1.6803816556930542], [-0.481444776058197, -0.09598345309495926], [-0.4373311400413513, 0.3578822910785675], [-0.3150528371334076, -0.3296324610710144], [-0.004989749286323786, -0.0045989323407411575], [-0.06543318927288055, -0.0276547409594059], [0.018544191494584084, -0.0007532508461736143], [-0.5584335923194885, -0.5584335923194885], [-0.13570469617843628, 0.08275025337934494], [-2.0859689712524414, -0.9766415357589722], [-0.39289429783821106, -0.3929319679737091], [0.7096800804138184, -0.3063429296016693], [-1.5277246236801147, -1.1727852821350098], [-0.31475409865379333, -0.4011933505535126], [1.2853326797485352, -0.02434604801237583], [-1.024330973625183, 0.24775059521198273], [0.6814630031585693, 1.8281739950180054], [-0.30177170038223267, 1.5563839673995972], [0.009677881374955177, -0.020212719216942787], [-1.1246405839920044, -0.7846651673316956], [-0.6098821759223938, -0.20053720474243164], [-0.9045005440711975, -0.3071705400943756], [0.35593703389167786, 0.35633331537246704], [-0.13515083491802216, 0.2720370292663574], [0.14109428226947784, 0.17835059762001038], [0.2311127930879593, 0.2961091995239258], [0.8710341453552246, 0.8710143566131592], [-0.05029163509607315, -0.05029163509607315], [0.22184447944164276, 0.009142572991549969], [1.1469264030456543, 0.019151456654071808], [0.6819027066230774, -0.0014022117247805], [-0.15340639650821686, -0.024029063060879707], [0.6522279381752014, 0.6522279381752014], [0.04988441988825798, -0.30017760396003723], [0.01553798746317625, 0.01553798746317625], [0.07474488765001297, -0.008187697269022465], [-0.9212549924850464, -0.9212549924850464], [0.3461421728134155, -2.8191871643066406], [1.0862795114517212, 1.0862795114517212], [0.22594952583312988, 0.058750979602336884], [1.0702685117721558, 1.0702685117721558], [0.17338965833187103, -0.11224894970655441], [0.0245581716299057, 0.0245581716299057], [-0.3271180987358093, -0.3271180987358093], [0.16893620789051056, -2.098414182662964], [0.2727408707141876, 0.04721754416823387], [-0.33468344807624817, -0.013666203245520592], [-0.7798300385475159, -0.4479356110095978], [-0.2297406643629074, -0.018345456570386887], [0.2904142439365387, -2.543741464614868], [0.06961642950773239, 0.06961642950773239], [-0.8456745147705078, -0.2794228792190552], [1.0350271463394165, 1.9463318586349487], [-2.260833263397217, -2.5655481815338135]]
