10_ad_hyp:  [[-2.288138  ]
 [-0.62635946]
 [-3.3573763 ]
 [-3.9447148 ]
 [-3.5644884 ]
 [-0.08253211]
 [-1.991314  ]
 [-4.4011416 ]
 [-2.1620777 ]
 [-2.0164542 ]
 [ 0.39733166]
 [-5.561242  ]
 [-0.5780246 ]
 [-1.8624631 ]
 [-1.219082  ]
 [-3.2536685 ]
 [-1.2431152 ]
 [-2.4958816 ]
 [-4.2410207 ]
 [-0.80230963]
 [ 1.5012542 ]
 [-0.8867433 ]
 [-1.4568383 ]
 [-1.9377604 ]
 [-4.4110017 ]
 [-0.2639409 ]
 [-1.1511142 ]
 [-3.20826   ]
 [ 1.138346  ]
 [-1.1656681 ]
 [-2.0897596 ]
 [ 1.2838571 ]
 [-2.4866652 ]
 [-2.3624682 ]
 [-0.5104196 ]
 [-0.96567225]
 [-0.8642283 ]
 [-1.5141423 ]
 [-2.056022  ]
 [-0.5916895 ]
 [ 0.03706292]
 [-1.3118677 ]
 [-1.2427927 ]
 [ 0.14759102]
 [ 0.04873484]
 [-0.13829178]
 [-0.16753647]
 [-2.9830012 ]
 [-2.8828578 ]
 [-0.3693033 ]
 [-2.8087692 ]
 [-3.6871858 ]
 [-3.6769965 ]
 [-1.7072824 ]
 [-2.0617006 ]
 [-0.4475642 ]
 [ 0.9944939 ]
 [-1.7121011 ]
 [-3.4194603 ]
 [-3.442412  ]
 [-2.140876  ]
 [-1.0219861 ]
 [-1.6605742 ]
 [-0.75611186]
 [-1.2218941 ]
 [-0.2562956 ]
 [-1.2265024 ]
 [ 0.08733612]
 [-1.0399201 ]
 [-1.399402  ]
 [-0.3035116 ]
 [-1.3197589 ]
 [-2.5364823 ]
 [-1.6640457 ]
 [-2.6453285 ]
 [-0.7187099 ]
 [-1.6253188 ]
 [-1.7554324 ]
 [-1.2759826 ]
 [-0.36597502]
 [-1.9564368 ]
 [-0.81782764]
 [-2.9426017 ]
 [-0.6377377 ]
 [-2.2106588 ]
 [-1.6993831 ]
 [-1.7885741 ]
 [-0.48079658]
 [-2.631837  ]
 [-0.15303013]
 [-3.2796414 ]
 [-1.8404578 ]
 [-0.96394706]
 [-0.9226208 ]
 [-4.5371766 ]
 [-1.835178  ]
 [-0.37069148]
 [-2.0346355 ]
 [-2.7089658 ]
 [-2.5836608 ]]
