11_ad_hyp:  [[-6.50373   ]
 [-5.4861097 ]
 [-0.82743907]
 [ 0.5909235 ]
 [-0.54236573]
 [-4.188954  ]
 [-0.50541264]
 [-2.8353367 ]
 [ 0.18724553]
 [-1.6648933 ]
 [-1.1816562 ]
 [-0.15509379]
 [-2.3684556 ]
 [-1.0174577 ]
 [-0.5673046 ]
 [-1.7427063 ]
 [-3.104166  ]
 [-1.6594795 ]
 [ 0.16131665]
 [-2.6210196 ]
 [-4.574377  ]
 [-4.491036  ]
 [-4.358002  ]
 [-0.7109676 ]
 [-1.963267  ]
 [-0.9165884 ]
 [-4.098393  ]
 [-2.9334257 ]
 [-0.06284951]
 [-3.5415483 ]
 [-4.3063064 ]
 [ 0.24558765]
 [-1.8689274 ]
 [-3.6658466 ]
 [-1.2433739 ]
 [-4.0795846 ]
 [-6.7845287 ]
 [-1.6177324 ]
 [-0.7113088 ]
 [-2.4211538 ]
 [-0.3418707 ]
 [-2.849513  ]
 [-2.871115  ]
 [-4.9746194 ]
 [-3.2840903 ]
 [ 1.0645918 ]
 [-1.919553  ]
 [-2.8879135 ]
 [-4.0184226 ]
 [-1.1941546 ]
 [-1.3966129 ]
 [-0.11307573]
 [-3.6645045 ]
 [-1.029091  ]
 [-0.24495818]
 [-2.1120245 ]
 [-0.51972497]
 [-2.8101852 ]
 [-3.4291043 ]
 [-2.0677505 ]
 [ 0.03873471]
 [-1.0389917 ]
 [-1.0423257 ]
 [-3.9228182 ]
 [-2.6991227 ]
 [-2.096895  ]
 [-1.5506705 ]
 [-3.7200673 ]
 [-0.26358625]
 [-2.9039407 ]
 [-1.7782367 ]
 [-3.6996572 ]
 [-0.5990974 ]
 [-1.0705552 ]
 [ 0.53430325]
 [-2.3051937 ]
 [-3.19957   ]
 [-1.8311008 ]
 [-4.078857  ]
 [-2.9154544 ]
 [-3.2490017 ]
 [-1.8272302 ]
 [-3.1870697 ]
 [-1.7682012 ]
 [-3.1465626 ]
 [-1.8470515 ]
 [-1.6278398 ]
 [-1.9894739 ]
 [-4.315472  ]
 [-1.2855817 ]
 [-2.7855327 ]
 [-1.2170244 ]
 [-3.0793204 ]
 [-0.7362869 ]
 [-2.7328606 ]
 [-1.2814666 ]
 [-2.735517  ]
 [-1.5936507 ]
 [-1.8423718 ]
 [ 0.8295813 ]]
