6_ad_hyp:  [[-1.3730472 ]
 [-1.3068359 ]
 [ 0.01474423]
 [-0.88883144]
 [ 0.6764466 ]
 [-0.8530485 ]
 [-1.4209511 ]
 [-0.9515169 ]
 [-0.12122674]
 [-4.054273  ]
 [-0.18051186]
 [-3.8004658 ]
 [-3.6830068 ]
 [-1.0124391 ]
 [-1.502883  ]
 [-0.79260963]
 [-2.8400798 ]
 [ 0.12689394]
 [ 1.8623337 ]
 [-0.8882226 ]
 [-0.9295747 ]
 [ 0.24134225]
 [-1.8453246 ]
 [-0.69026023]
 [-1.0644416 ]
 [ 0.6375982 ]
 [-1.2788721 ]
 [ 1.1752256 ]
 [ 0.40736672]
 [-0.8380912 ]
 [-1.8374872 ]
 [-4.056146  ]
 [ 0.6088555 ]
 [-2.763494  ]
 [ 0.6716603 ]
 [-2.8364573 ]
 [-0.9479395 ]
 [-2.5428295 ]
 [-0.94580114]
 [-2.4726603 ]
 [-1.849677  ]
 [-2.5713186 ]
 [ 0.5775225 ]
 [ 0.7074028 ]
 [-0.10394173]
 [-0.2498208 ]
 [ 1.1094327 ]
 [ 0.34110206]
 [-2.1218634 ]
 [-1.8933958 ]
 [-2.9055793 ]
 [-2.1156912 ]
 [-1.4436489 ]
 [-0.49508575]
 [-0.13490498]
 [-2.3510456 ]
 [-0.7983252 ]
 [ 0.4849527 ]
 [-2.2309434 ]
 [-0.62595433]
 [-0.49792346]
 [-1.4781901 ]
 [-5.468424  ]
 [-1.5098134 ]
 [-1.1078751 ]
 [-2.6568666 ]
 [-3.8310382 ]
 [-2.8707986 ]
 [-0.4043122 ]
 [-1.4842756 ]
 [-0.4163894 ]
 [-1.8556207 ]
 [-1.0123672 ]
 [-0.6999242 ]
 [-1.7657298 ]
 [ 0.6377868 ]
 [-3.3317876 ]
 [-4.36264   ]
 [-0.5223863 ]
 [-3.223376  ]
 [-1.4131603 ]
 [-0.10925432]
 [-1.2668661 ]
 [-1.0987972 ]
 [-2.6023247 ]
 [-2.5561008 ]
 [-1.5226029 ]
 [ 0.29548392]
 [-1.7466397 ]
 [-1.137968  ]
 [ 1.3696151 ]
 [-0.80611223]
 [ 0.44754407]
 [ 0.47325462]
 [ 1.2718391 ]
 [-3.2477615 ]
 [-2.703383  ]
 [-3.9931405 ]
 [-0.01933227]
 [-0.65153176]]
