dep_ad_9 =  [[ 0.74082696]
 [ 1.2213591 ]
 [ 1.3755003 ]
 [-2.1187363 ]
 [ 0.4146689 ]
 [ 0.5954165 ]
 [ 0.31109452]
 [ 0.16466627]
 [-3.1116116 ]
 [-2.4775698 ]
 [ 0.09512657]
 [-2.4818335 ]
 [-1.6943353 ]
 [ 0.0662456 ]
 [-0.15185003]
 [-2.0015154 ]
 [-3.6018267 ]
 [-0.6174673 ]
 [-4.454662  ]
 [-1.4582055 ]
 [-0.7836857 ]
 [-0.52876306]
 [-2.2666326 ]
 [-1.3851441 ]
 [-1.006258  ]
 [ 0.78977835]
 [-0.2852271 ]
 [ 0.08895236]
 [-0.66482425]
 [-0.03457318]
 [ 0.3699285 ]
 [-1.9360262 ]
 [-4.0889244 ]
 [-0.36789584]
 [-0.4572267 ]
 [ 0.7804881 ]
 [-0.84384394]
 [-2.6217563 ]
 [-1.540374  ]
 [ 0.01228092]
 [-2.8032405 ]
 [-2.107087  ]
 [ 2.2811265 ]
 [-0.37784234]
 [ 1.0996221 ]
 [-0.11514137]
 [-2.6737158 ]
 [-4.687642  ]
 [ 0.11948603]
 [-2.2229064 ]
 [-0.78003466]
 [-1.5227368 ]
 [-0.76997745]
 [-1.2344922 ]
 [-0.8337941 ]
 [ 0.4642086 ]
 [-0.8630465 ]
 [-0.36583024]
 [-3.5570354 ]
 [-2.9033246 ]
 [-0.31445178]
 [-0.94588625]
 [-0.05996021]
 [-0.8337299 ]
 [ 0.12597995]
 [ 0.16862868]
 [-0.4740412 ]
 [-1.1398344 ]
 [ 0.74776715]
 [ 0.45456514]
 [-1.9093713 ]
 [-0.6198179 ]
 [ 0.2306173 ]
 [-1.431161  ]
 [-3.1495552 ]
 [-0.991905  ]
 [ 0.24985167]
 [-3.2972634 ]
 [-0.3670874 ]
 [-0.37091452]
 [-0.36459187]
 [ 0.7052915 ]
 [-1.9329863 ]
 [-0.80129623]
 [-1.9975928 ]
 [-1.0179666 ]
 [-2.7698574 ]
 [-1.0865781 ]
 [-2.70768   ]
 [-0.68842286]
 [-3.850188  ]
 [-1.5086308 ]
 [ 0.7842929 ]
 [-1.8169643 ]
 [ 1.7969111 ]
 [-1.2395781 ]
 [-3.4364488 ]
 [ 1.2734022 ]
 [-2.7803066 ]
 [ 0.03487867]]
