12_whole:  [[-1.3826841 ]
 [ 0.34896436]
 [-0.97931373]
 [-5.5867224 ]
 [-1.1239954 ]
 [-5.872633  ]
 [-0.8934146 ]
 [-0.68775374]
 [-8.217556  ]
 [-2.9075644 ]
 [ 0.1494198 ]
 [-3.8880813 ]
 [-0.37596074]
 [-2.131725  ]
 [-2.9896028 ]
 [-0.1653078 ]
 [-3.6868875 ]
 [-1.0079497 ]
 [-5.027076  ]
 [-2.6062143 ]
 [-3.3073554 ]
 [-3.0675926 ]
 [-4.3255315 ]
 [-2.423559  ]
 [-2.6283731 ]
 [-4.9997697 ]
 [-3.381499  ]
 [-5.172861  ]
 [-1.4241521 ]
 [-5.0962453 ]
 [-5.5189567 ]
 [-2.1377025 ]
 [-2.031957  ]
 [-1.7879653 ]
 [-0.10503775]
 [-5.0490813 ]
 [ 0.41839194]
 [-2.927921  ]
 [-2.8891215 ]
 [-4.4506907 ]
 [-0.0838814 ]
 [ 0.527245  ]
 [-0.89266473]
 [ 1.466756  ]
 [-2.6249309 ]
 [-1.9273527 ]
 [-3.5393646 ]
 [-1.513386  ]
 [-1.0158801 ]
 [-1.1975256 ]
 [-6.693686  ]
 [-5.5644016 ]
 [ 1.0348092 ]
 [-3.5269697 ]
 [-7.2748013 ]
 [-2.9714725 ]
 [-6.662591  ]
 [-5.9518547 ]
 [ 0.7835378 ]
 [-3.8175695 ]
 [-5.295979  ]
 [ 2.0181482 ]
 [-1.3270483 ]
 [-1.2970248 ]
 [-1.9860605 ]
 [-0.84984744]
 [-2.7923105 ]
 [-1.6457556 ]
 [-2.713034  ]
 [-1.4092607 ]
 [-4.8672366 ]
 [ 1.7645577 ]
 [-1.991505  ]
 [-2.7686253 ]
 [-0.03445981]
 [-2.5575383 ]
 [-1.0566313 ]
 [-2.2184463 ]
 [-2.6347675 ]
 [-8.276975  ]
 [ 1.7037334 ]
 [-2.0218186 ]
 [ 0.21130309]
 [-1.9528981 ]
 [-5.522359  ]
 [ 0.41665992]
 [-3.7822967 ]
 [-2.8802502 ]
 [ 0.21167435]
 [ 2.4625008 ]
 [-6.364675  ]
 [-0.9573677 ]
 [-2.7522566 ]
 [-2.3475559 ]
 [-1.8681979 ]
 [-0.01245309]
 [-2.0775297 ]
 [-6.5173874 ]
 [-1.2960167 ]
 [-1.9317584 ]]
