9_whole:  [[-1.5397818 ]
 [-7.2097034 ]
 [-3.7773898 ]
 [-2.0576756 ]
 [-5.505147  ]
 [-2.8652444 ]
 [-2.214838  ]
 [-0.7468389 ]
 [-3.2499871 ]
 [-4.4281573 ]
 [-5.04873   ]
 [-1.7018129 ]
 [-1.2153984 ]
 [-3.1493053 ]
 [-5.8149447 ]
 [-2.8139572 ]
 [-4.318355  ]
 [ 1.3229505 ]
 [-0.43559304]
 [-3.789194  ]
 [-3.5389345 ]
 [-3.601427  ]
 [-0.98065674]
 [-3.6211991 ]
 [-1.6912042 ]
 [-3.774214  ]
 [-2.0794013 ]
 [-6.714704  ]
 [-3.7734287 ]
 [-3.937705  ]
 [ 1.9164172 ]
 [ 0.17878167]
 [-1.9178001 ]
 [-5.9459653 ]
 [-6.327287  ]
 [-6.5776343 ]
 [-3.6844409 ]
 [-2.684619  ]
 [-6.682996  ]
 [-2.4921374 ]
 [-1.2628909 ]
 [-2.0338635 ]
 [-1.5616913 ]
 [-0.3121958 ]
 [-6.117275  ]
 [-2.1778555 ]
 [-1.4708076 ]
 [-2.2640684 ]
 [ 0.701516  ]
 [ 0.03533128]
 [-6.5344133 ]
 [-1.3665361 ]
 [-5.130778  ]
 [-4.738248  ]
 [-4.4169044 ]
 [-2.648141  ]
 [-3.932682  ]
 [-0.9607668 ]
 [-3.4278321 ]
 [-2.8063743 ]
 [-4.2076516 ]
 [-0.33625785]
 [-3.4286718 ]
 [-1.678797  ]
 [-3.537576  ]
 [-7.1138515 ]
 [-4.2758923 ]
 [-3.6140258 ]
 [-0.00912011]
 [-5.5515547 ]
 [ 0.37208238]
 [ 2.5401583 ]
 [-1.9254711 ]
 [-0.808371  ]
 [-0.7290774 ]
 [-1.2053032 ]
 [-3.8811984 ]
 [-3.0856802 ]
 [-1.7062411 ]
 [-3.145719  ]
 [ 2.4611492 ]
 [-0.71418804]
 [-4.7164836 ]
 [-2.9489477 ]
 [-0.69834906]
 [-1.0571606 ]
 [-4.293436  ]
 [-3.1678088 ]
 [-3.369123  ]
 [-2.0053122 ]
 [ 1.1826518 ]
 [-1.6944901 ]
 [ 0.88967085]
 [-3.0189207 ]
 [-4.625796  ]
 [-6.1581244 ]
 [-2.0772307 ]
 [-5.3837953 ]
 [ 0.97747606]
 [-1.4087603 ]]
