full_data=  [[ 0.47495016 -3.4533153 ]
 [-1.7280095  -0.09491736]
 [-1.4048492   0.5258757 ]
 [-1.9826772  -1.4975957 ]
 [-1.2732134  -3.0476542 ]
 [-5.2292533  -3.8110971 ]
 [-2.4165523  -1.9426018 ]
 [-1.863375   -2.2997308 ]
 [ 0.34846252 -2.5731776 ]
 [-1.0180655  -2.7902415 ]
 [ 1.6612236   0.90119463]
 [-1.7418534  -4.2769184 ]
 [-0.7452972  -2.2930117 ]
 [-2.6306543  -3.1322403 ]
 [ 0.74175847 -4.6690636 ]
 [-0.68307257 -0.20457996]
 [-0.8042213  -1.451747  ]
 [-2.2456274   0.10305019]
 [-1.2933105  -2.7022095 ]
 [-2.9796073  -1.0942886 ]
 [-1.0358784  -0.7049974 ]
 [-0.76752603 -0.6048272 ]
 [-1.2822939   0.11943077]
 [-3.3533168  -3.045596  ]
 [-5.4288955  -3.0456243 ]
 [-2.1314988  -4.842031  ]
 [-3.555371   -0.94007117]
 [-1.8223978  -2.6758344 ]
 [-0.3600349   1.0296676 ]
 [ 1.9784845  -2.7391615 ]
 [-0.91644394 -0.8397363 ]
 [ 0.35839817 -2.5720708 ]
 [-0.12120957 -0.8185468 ]
 [-0.8743439  -2.4758759 ]
 [-3.3201485  -0.96885455]
 [-2.5491676  -2.0896554 ]
 [-2.5719001  -2.9108768 ]
 [-0.49218282 -1.3104585 ]
 [-1.595092   -2.8249524 ]
 [-2.287819   -2.8863423 ]
 [-0.37941304 -1.2463279 ]
 [-0.8411105   0.6285695 ]
 [-0.9853841  -3.1360834 ]
 [-1.6277529  -0.63156784]
 [-0.6590208  -0.8289093 ]
 [-1.866762   -1.0014625 ]
 [-2.7011497  -2.4890082 ]
 [-2.4266894  -2.7987258 ]
 [-0.18928957 -0.5431445 ]
 [-0.60122365  0.10827857]
 [-1.1959186  -5.8671837 ]
 [ 0.32054597  0.34751502]
 [-0.31521818 -3.890405  ]
 [-1.0255234  -0.83718795]
 [ 0.38096648 -2.1870449 ]
 [ 1.9319177  -0.06388043]
 [-0.86377627 -3.7922242 ]
 [-1.6983936  -1.7976915 ]
 [-2.7519093  -0.17833543]
 [-1.9176112  -1.9781365 ]
 [-0.8520491  -4.4513583 ]
 [-2.2093396  -3.5106735 ]
 [ 0.14642891 -0.3655484 ]
 [-0.6094041  -0.53328186]
 [ 0.25336844  0.8359544 ]
 [ 0.02695506 -2.5713341 ]
 [-0.8135603  -1.2910985 ]
 [-3.1276362  -4.07189   ]
 [ 1.0752658   1.2345281 ]
 [-2.5304487  -2.6417284 ]
 [-1.460704   -2.2462268 ]
 [-0.22721563 -1.3157724 ]
 [ 0.68990266 -2.878731  ]
 [-0.8442154   0.59411025]
 [-1.4387263  -0.79639524]
 [-0.34699807  0.69172764]
 [-1.1473495  -4.16035   ]
 [-1.3808337  -2.712418  ]
 [-2.7041829   0.14909576]
 [-0.4997412  -3.133563  ]
 [-1.7022501  -0.9337928 ]
 [-0.9254571   0.670606  ]
 [ 0.2424836  -3.9523387 ]
 [-0.705217   -0.43765742]
 [ 0.4908109  -0.26945195]
 [-2.0515652  -0.5462108 ]
 [ 0.37051788  0.90689564]
 [-0.3320966   0.00960828]
 [ 0.35944247 -0.20129302]
 [-2.2451086  -0.5159982 ]
 [-1.6503941  -1.4496095 ]
 [-0.12477572 -0.12749764]
 [-1.5210778  -1.818254  ]
 [-3.099052   -3.3112767 ]
 [-1.3277898  -2.0196936 ]
 [-1.2949253  -3.3156917 ]
 [-1.7852916  -2.1411464 ]
 [ 0.06606603 -0.9668982 ]
 [-0.34403807 -2.135504  ]
 [-3.5083804  -1.2183145 ]]
full_data_list=  [[0.4749501645565033, -3.453315258026123], [-1.7280094623565674, -0.09491735696792603], [-1.4048491716384888, 0.5258756875991821], [-1.9826772212982178, -1.4975956678390503], [-1.2732133865356445, -3.047654151916504], [-5.22925329208374, -3.8110971450805664], [-2.4165523052215576, -1.9426017999649048], [-1.863374948501587, -2.2997307777404785], [0.3484625220298767, -2.5731775760650635], [-1.0180654525756836, -2.7902414798736572], [1.6612236499786377, 0.9011946320533752], [-1.7418533563613892, -4.276918411254883], [-0.7452971935272217, -2.2930116653442383], [-2.6306543350219727, -3.1322402954101562], [0.7417584657669067, -4.669063568115234], [-0.683072566986084, -0.20457996428012848], [-0.8042212724685669, -1.451746940612793], [-2.2456274032592773, 0.10305019468069077], [-1.293310523033142, -2.70220947265625], [-2.979607343673706, -1.0942885875701904], [-1.0358784198760986, -0.7049974203109741], [-0.7675260305404663, -0.6048272252082825], [-1.2822939157485962, 0.11943076550960541], [-3.3533167839050293, -3.04559588432312], [-5.428895473480225, -3.045624256134033], [-2.1314988136291504, -4.842031002044678], [-3.555371046066284, -0.940071165561676], [-1.8223978281021118, -2.6758344173431396], [-0.36003491282463074, 1.029667615890503], [1.9784845113754272, -2.739161491394043], [-0.916443943977356, -0.83973628282547], [0.3583981692790985, -2.572070837020874], [-0.12120956927537918, -0.8185467720031738], [-0.8743438720703125, -2.4758758544921875], [-3.320148468017578, -0.968854546546936], [-2.5491676330566406, -2.0896553993225098], [-2.5719001293182373, -2.910876750946045], [-0.49218282103538513, -1.3104585409164429], [-1.5950920581817627, -2.8249523639678955], [-2.2878189086914062, -2.8863422870635986], [-0.37941303849220276, -1.2463278770446777], [-0.8411105275154114, 0.628569483757019], [-0.9853841066360474, -3.1360833644866943], [-1.6277529001235962, -0.6315678358078003], [-0.6590207815170288, -0.8289092779159546], [-1.8667620420455933, -1.001462459564209], [-2.7011497020721436, -2.4890081882476807], [-2.426689386367798, -2.7987258434295654], [-0.18928956985473633, -0.5431445240974426], [-0.6012236475944519, 0.10827857255935669], [-1.1959185600280762, -5.867183685302734], [0.3205459713935852, 0.3475150167942047], [-0.3152181804180145, -3.8904049396514893], [-1.0255234241485596, -0.8371879458427429], [0.3809664845466614, -2.187044858932495], [1.931917667388916, -0.06388042867183685], [-0.8637762665748596, -3.792224168777466], [-1.6983935832977295, -1.7976914644241333], [-2.7519092559814453, -0.17833542823791504], [-1.9176112413406372, -1.9781365394592285], [-0.8520491123199463, -4.451358318328857], [-2.2093396186828613, -3.5106735229492188], [0.1464289128780365, -0.36554840207099915], [-0.6094040870666504, -0.5332818627357483], [0.25336843729019165, 0.8359544277191162], [0.026955055072903633, -2.57133412361145], [-0.8135603070259094, -1.2910984754562378], [-3.127636194229126, -4.071889877319336], [1.0752657651901245, 1.2345280647277832], [-2.5304486751556396, -2.641728401184082], [-1.46070396900177, -2.2462267875671387], [-0.22721563279628754, -1.3157724142074585], [0.689902663230896, -2.8787310123443604], [-0.8442153930664062, 0.5941102504730225], [-1.4387263059616089, -0.7963952422142029], [-0.34699806571006775, 0.6917276382446289], [-1.14734947681427, -4.1603498458862305], [-1.3808337450027466, -2.7124180793762207], [-2.7041828632354736, 0.14909575879573822], [-0.49974119663238525, -3.1335630416870117], [-1.7022501230239868, -0.9337928295135498], [-0.9254571199417114, 0.6706060171127319], [0.24248360097408295, -3.952338695526123], [-0.7052170038223267, -0.4376574158668518], [0.49081090092658997, -0.26945194602012634], [-2.051565170288086, -0.5462108254432678], [0.37051787972450256, 0.906895637512207], [-0.3320966064929962, 0.009608278051018715], [0.35944247245788574, -0.20129302144050598], [-2.2451086044311523, -0.5159981846809387], [-1.650394082069397, -1.4496095180511475], [-0.1247757226228714, -0.12749764323234558], [-1.5210777521133423, -1.818253993988037], [-3.0990519523620605, -3.31127667427063], [-1.3277897834777832, -2.019693613052368], [-1.294925332069397, -3.3156917095184326], [-1.7852915525436401, -2.141146421432495], [0.06606602668762207, -0.9668982028961182], [-0.34403806924819946, -2.1355040073394775], [-3.50838041305542, -1.218314528465271]]
