sr_physician=  [[ 1.6624415  -0.33519912]
 [-0.6216586  -2.78009   ]
 [-0.02602706  0.27198002]
 [ 0.62923723 -0.5756665 ]
 [ 1.6059741  -1.4921029 ]
 [-0.57926446 -0.21120715]
 [-0.02971971 -0.0299123 ]
 [ 0.63720185  0.24013382]
 [-1.4889655  -0.11902702]
 [-1.9569118  -1.9569112 ]
 [ 0.67938906  0.80278456]
 [ 0.6147629   0.60424894]
 [ 0.31469905  0.8740635 ]
 [ 0.45158136  0.33091846]
 [ 0.17786197  0.1409618 ]
 [ 0.33547643  0.21114385]
 [-0.260151   -0.01319826]
 [-0.6606867  -0.6606867 ]
 [-0.11933983  1.8299774 ]
 [ 1.0174562   0.19782169]
 [ 1.3295187   1.3273165 ]
 [ 0.14358677 -0.38846058]
 [-1.1729068  -1.1729068 ]
 [ 0.07970393 -0.8931107 ]
 [ 1.3642553   0.94143844]
 [-2.3584666  -0.65910393]
 [-2.7054973  -2.7055275 ]
 [-1.3479704   0.83721817]
 [-0.12612557 -0.27231997]
 [-0.05517908 -0.06243321]
 [ 0.1119474   0.6519894 ]
 [-0.60176754 -0.10363822]
 [ 0.9371995   0.9371995 ]
 [ 0.6084568  -0.9538202 ]
 [-1.291929    0.42725983]
 [ 1.1441402  -0.15208533]
 [ 0.40289596 -1.5188943 ]
 [ 0.61732596 -0.02510207]
 [ 0.21747215  0.21747215]
 [-3.0376277  -3.037605  ]
 [ 0.8133361  -0.3040961 ]
 [ 2.042062    0.90624875]
 [ 1.9164677   0.5175034 ]
 [-0.24075735 -2.0437431 ]
 [-0.79955965 -0.07263884]
 [-0.0365591  -0.44252253]
 [ 1.7381254   1.3981867 ]
 [-1.1212609  -0.5490414 ]
 [-1.1988183  -1.1988596 ]
 [ 0.7687946  -0.88051754]
 [-0.9636846  -0.9636846 ]
 [-0.03159844 -0.03159844]
 [ 1.4780216  -0.04210674]
 [-1.1074479  -0.21944726]
 [ 1.7324389   2.2155044 ]
 [ 1.0090994   0.74801505]
 [ 0.18061942 -0.49649385]
 [ 1.9720814   0.4652653 ]
 [ 0.38616526 -0.09651344]
 [ 0.09228002  0.09228002]
 [-0.23399079 -0.53000265]
 [ 0.2445613  -1.1925634 ]
 [ 1.0110495   0.4496548 ]
 [-0.09163731 -0.22284381]
 [-0.8712378  -1.2338153 ]
 [-0.9170844  -0.10964729]
 [ 0.4967469   0.17607242]
 [-1.3829998  -1.3829998 ]
 [-0.3151715  -0.3151626 ]
 [ 0.08584926 -0.25897023]
 [ 0.9437837  -0.15429232]
 [-1.1994555  -0.04190271]
 [ 2.5906942  -0.99277174]
 [ 1.8982651   1.9108644 ]
 [ 1.2674534   0.91177434]
 [-0.37666413 -0.37666413]
 [-0.36424068 -0.7168123 ]
 [-1.532975   -1.5330162 ]
 [ 1.2881441  -0.49722102]
 [-0.9333215  -0.0444578 ]
 [ 0.50052714 -0.52788514]
 [-3.1247072   1.1914489 ]
 [ 0.8064959  -0.89381295]
 [ 0.6311403  -1.3831499 ]
 [ 0.83759797  0.26337838]
 [-0.40109453 -0.315519  ]
 [ 0.6091645  -0.12020181]
 [-1.1772629  -1.3626783 ]
 [-0.09164299 -0.10824819]
 [ 1.2280169   0.43012026]
 [ 0.5254826  -1.9626223 ]
 [-0.96359044 -0.96359056]
 [ 0.77191645 -0.69574386]
 [-1.7197478   0.18067019]
 [-0.03852189 -0.20969144]
 [-1.2596736  -0.44557986]
 [-0.5578689  -0.55786836]
 [-1.0422617  -1.2887462 ]
 [-0.85831225 -0.494711  ]
 [-0.5634149  -0.56341434]]
sr_list=  [[1.6624414920806885, -0.33519911766052246], [-0.6216586232185364, -2.780090093612671], [-0.026027057319879532, 0.27198001742362976], [0.6292372345924377, -0.5756664872169495], [1.6059740781784058, -1.492102861404419], [-0.5792644619941711, -0.21120715141296387], [-0.02971971035003662, -0.029912298545241356], [0.6372018456459045, 0.24013382196426392], [-1.4889655113220215, -0.1190270185470581], [-1.9569118022918701, -1.9569112062454224], [0.6793890595436096, 0.8027845621109009], [0.6147629022598267, 0.6042489409446716], [0.31469905376434326, 0.8740634918212891], [0.45158135890960693, 0.33091846108436584], [0.17786197364330292, 0.14096179604530334], [0.33547642827033997, 0.2111438512802124], [-0.2601509988307953, -0.01319825928658247], [-0.6606866717338562, -0.6606866717338562], [-0.11933983117341995, 1.8299773931503296], [1.0174561738967896, 0.1978216916322708], [1.3295186758041382, 1.3273165225982666], [0.14358676970005035, -0.38846057653427124], [-1.172906756401062, -1.172906756401062], [0.0797039344906807, -0.8931106925010681], [1.3642553091049194, 0.9414384365081787], [-2.358466625213623, -0.6591039299964905], [-2.7054972648620605, -2.7055275440216064], [-1.3479703664779663, 0.837218165397644], [-0.12612557411193848, -0.2723199725151062], [-0.05517907813191414, -0.062433209270238876], [0.11194740235805511, 0.6519894003868103], [-0.6017675399780273, -0.10363822430372238], [0.9371994733810425, 0.9371994733810425], [0.6084567904472351, -0.9538202285766602], [-1.291929006576538, 0.4272598326206207], [1.1441402435302734, -0.1520853340625763], [0.4028959572315216, -1.5188943147659302], [0.6173259615898132, -0.025102069601416588], [0.2174721509218216, 0.2174721509218216], [-3.037627696990967, -3.037605047225952], [0.8133360743522644, -0.3040961027145386], [2.0420620441436768, 0.9062487483024597], [1.9164676666259766, 0.5175033807754517], [-0.24075734615325928, -2.043743133544922], [-0.7995596528053284, -0.07263883948326111], [-0.036559097468853, -0.4425225257873535], [1.7381254434585571, 1.3981866836547852], [-1.1212608814239502, -0.5490413904190063], [-1.198818325996399, -1.1988595724105835], [0.768794596195221, -0.8805175423622131], [-0.963684618473053, -0.963684618473053], [-0.03159844130277634, -0.03159844130277634], [1.4780216217041016, -0.042106743901968], [-1.107447862625122, -0.21944725513458252], [1.7324389219284058, 2.2155044078826904], [1.0090993642807007, 0.7480150461196899], [0.18061941862106323, -0.4964938461780548], [1.9720814228057861, 0.46526530385017395], [0.3861652612686157, -0.09651343524456024], [0.09228002279996872, 0.09228002279996872], [-0.23399078845977783, -0.5300026535987854], [0.2445612996816635, -1.1925634145736694], [1.011049509048462, 0.44965478777885437], [-0.09163730591535568, -0.22284381091594696], [-0.8712378144264221, -1.233815312385559], [-0.9170843958854675, -0.10964728891849518], [0.49674689769744873, 0.17607241868972778], [-1.3829997777938843, -1.3829997777938843], [-0.3151715099811554, -0.3151625990867615], [0.08584925532341003, -0.2589702308177948], [0.943783700466156, -0.15429231524467468], [-1.1994554996490479, -0.04190270975232124], [2.5906941890716553, -0.9927717447280884], [1.8982651233673096, 1.9108643531799316], [1.2674534320831299, 0.9117743372917175], [-0.3766641318798065, -0.3766641318798065], [-0.3642406761646271, -0.7168123126029968], [-1.5329749584197998, -1.5330162048339844], [1.2881441116333008, -0.4972210228443146], [-0.933321475982666, -0.04445779696106911], [0.5005271434783936, -0.5278851389884949], [-3.1247072219848633, 1.1914489269256592], [0.8064959049224854, -0.8938129544258118], [0.6311402916908264, -1.3831498622894287], [0.8375979661941528, 0.263378381729126], [-0.401094526052475, -0.3155190050601959], [0.6091644763946533, -0.12020181119441986], [-1.1772629022598267, -1.3626782894134521], [-0.09164299070835114, -0.10824818909168243], [1.2280168533325195, 0.4301202595233917], [0.5254825949668884, -1.9626222848892212], [-0.9635904431343079, -0.9635905623435974], [0.7719164490699768, -0.6957438588142395], [-1.71974778175354, 0.18067018687725067], [-0.038521889597177505, -0.20969143509864807], [-1.2596735954284668, -0.44557985663414], [-0.5578688979148865, -0.5578683614730835], [-1.0422617197036743, -1.2887462377548218], [-0.8583122491836548, -0.4947110116481781], [-0.5634148716926575, -0.5634143352508545]]
